# Matter power spectrum P(k) at redshift z=1.05
# for k=0.000103751 to 14.8126 h/Mpc,
# number of wavenumbers equal to 526
# k (h/Mpc)  P (Mpc/h)^3:
1.037515e-04 1.3573792273e+02
2.635953e-04 3.4440622569e+02
4.234427e-04 5.5193457270e+02
5.832937e-04 7.5774884538e+02
7.431484e-04 9.6140591577e+02
9.030070e-04 1.1625902995e+03
1.062869e-03 1.3610899448e+03
1.222736e-03 1.5567616726e+03
1.382607e-03 1.7494967708e+03
1.542481e-03 1.9392071393e+03
1.702361e-03 2.1258484307e+03
1.862244e-03 2.3093752554e+03
2.022132e-03 2.4897555237e+03
2.182025e-03 2.6669699705e+03
2.341923e-03 2.8410094903e+03
2.501826e-03 3.0118723884e+03
2.661733e-03 3.1795593778e+03
2.821646e-03 3.3440846094e+03
2.981564e-03 3.5054664703e+03
3.141487e-03 3.6637274978e+03
3.301416e-03 3.8188897001e+03
3.461351e-03 3.9709828616e+03
3.621292e-03 4.1200354388e+03
3.781239e-03 4.2660814039e+03
3.941191e-03 4.4091531937e+03
4.101150e-03 4.5492834648e+03
4.261116e-03 4.6865069664e+03
4.421088e-03 4.8208607335e+03
4.581067e-03 4.9523816887e+03
4.741053e-03 5.0811044789e+03
4.901046e-03 5.2070632230e+03
5.061047e-03 5.3302990811e+03
5.221055e-03 5.4508475766e+03
5.381071e-03 5.5687439908e+03
5.541094e-03 5.6840267288e+03
5.701126e-03 5.7967360343e+03
5.861166e-03 5.9069044910e+03
6.021215e-03 6.0145779257e+03
6.181272e-03 6.1197887790e+03
6.341338e-03 6.2234044967e+03
6.501414e-03 6.3240650807e+03
6.661499e-03 6.4221291021e+03
6.821593e-03 6.5177908701e+03
6.981698e-03 6.6111196217e+03
7.141813e-03 6.7021805082e+03
7.301938e-03 6.7906488257e+03
7.462073e-03 6.8770382348e+03
7.622220e-03 6.9610787680e+03
7.782378e-03 7.0436879064e+03
7.942548e-03 7.1240693873e+03
8.102729e-03 7.2023094492e+03
8.262923e-03 7.2790297970e+03
8.423129e-03 7.3531671880e+03
8.583347e-03 7.4252828825e+03
8.743579e-03 7.4954686665e+03
8.903824e-03 7.5637611978e+03
9.064083e-03 7.6300437903e+03
9.224356e-03 7.6938943364e+03
9.384644e-03 7.7564652517e+03
9.544946e-03 7.8181334224e+03
9.705263e-03 7.8771168050e+03
9.865596e-03 7.9343010585e+03
1.002595e-02 7.9898557488e+03
1.018631e-02 8.0436513649e+03
1.034669e-02 8.0958302359e+03
1.050709e-02 8.1462828216e+03
1.066751e-02 8.1951769404e+03
1.082795e-02 8.2423962459e+03
1.098840e-02 8.2879458880e+03
1.114887e-02 8.3320899252e+03
1.130936e-02 8.3746022990e+03
1.146988e-02 8.4157913689e+03
1.163041e-02 8.4552822167e+03
1.179097e-02 8.4930703039e+03
1.195154e-02 8.5297673340e+03
1.211214e-02 8.5647278997e+03
1.227276e-02 8.5970549291e+03
1.243340e-02 8.6296903187e+03
1.259407e-02 8.6606260760e+03
1.275477e-02 8.6901868550e+03
1.291548e-02 8.7192232764e+03
1.307623e-02 8.7461801770e+03
1.323700e-02 8.7720690903e+03
1.339780e-02 8.7962505595e+03
1.355862e-02 8.8185038834e+03
1.371947e-02 8.8397493060e+03
1.388036e-02 8.8615475508e+03
1.404127e-02 8.8810426442e+03
1.420222e-02 8.8981304607e+03
1.436319e-02 8.9163863296e+03
1.452420e-02 8.9322047782e+03
1.468524e-02 8.9468808339e+03
1.484632e-02 8.9595075766e+03
1.500743e-02 8.9729631410e+03
1.516857e-02 8.9843927547e+03
1.532976e-02 8.9932686893e+03
1.549098e-02 9.0030370549e+03
1.565224e-02 9.0125064503e+03
1.581354e-02 9.0198049437e+03
1.597488e-02 9.0259575425e+03
1.613626e-02 9.0313566587e+03
1.629769e-02 9.0348035741e+03
1.645915e-02 9.0390869851e+03
1.662067e-02 9.0414949355e+03
1.678223e-02 9.0430690017e+03
1.694384e-02 9.0436930383e+03
1.710550e-02 9.0434674094e+03
1.726720e-02 9.0423235743e+03
1.742896e-02 9.0403423591e+03
1.759077e-02 9.0375659535e+03
1.775264e-02 9.0338935116e+03
1.791456e-02 9.0294123017e+03
1.807654e-02 9.0240047018e+03
1.823857e-02 9.0179960528e+03
1.840067e-02 9.0108456364e+03
1.856282e-02 9.0035999533e+03
1.872504e-02 8.9954297199e+03
1.888733e-02 8.9862335171e+03
1.904968e-02 8.9764914966e+03
1.921210e-02 8.9645540338e+03
1.937459e-02 8.9549114572e+03
1.953715e-02 8.9431907055e+03
1.969978e-02 8.9307920324e+03
1.986249e-02 8.9173712432e+03
2.002528e-02 8.9040274828e+03
2.018815e-02 8.8895668198e+03
2.035109e-02 8.8746009284e+03
2.051413e-02 8.8590807113e+03
2.067724e-02 8.8428979936e+03
2.084045e-02 8.8261281223e+03
2.100375e-02 8.8089078142e+03
2.116714e-02 8.7912564080e+03
2.133062e-02 8.7718605662e+03
2.149420e-02 8.7540322370e+03
2.165789e-02 8.7334609738e+03
2.182167e-02 8.7148953208e+03
2.198557e-02 8.6944381736e+03
2.214957e-02 8.6732735552e+03
2.231368e-02 8.6518460452e+03
2.247791e-02 8.6302612007e+03
2.264225e-02 8.6082839795e+03
2.280672e-02 8.5859421046e+03
2.297131e-02 8.5628541019e+03
2.313602e-02 8.5392529906e+03
2.330087e-02 8.5155617011e+03
2.346585e-02 8.4912813707e+03
2.363097e-02 8.4667072329e+03
2.379623e-02 8.4419792577e+03
2.396164e-02 8.4166452577e+03
2.412719e-02 8.3911154072e+03
2.429290e-02 8.3649392495e+03
2.445877e-02 8.3389281114e+03
2.462480e-02 8.3125352586e+03
2.479099e-02 8.2857126732e+03
2.495736e-02 8.2580125877e+03
2.512390e-02 8.2304195307e+03
2.529062e-02 8.2031292213e+03
2.545753e-02 8.1748913166e+03
2.562462e-02 8.1465930678e+03
2.579191e-02 8.1181994859e+03
2.595941e-02 8.0890083399e+03
2.612710e-02 8.0599709206e+03
2.629502e-02 8.0314481671e+03
2.646314e-02 8.0019575912e+03
2.663150e-02 7.9717302747e+03
2.680008e-02 7.9423670652e+03
2.696890e-02 7.9121929577e+03
2.713796e-02 7.8818389781e+03
2.730728e-02 7.8518523714e+03
2.747685e-02 7.8210891653e+03
2.764668e-02 7.7899241205e+03
2.781679e-02 7.7590786867e+03
2.798718e-02 7.7281911535e+03
2.815785e-02 7.6971938733e+03
2.832882e-02 7.6658757649e+03
2.850010e-02 7.6346729036e+03
2.867169e-02 7.6032836776e+03
2.884360e-02 7.5712765125e+03
2.901584e-02 7.5398723950e+03
2.918842e-02 7.5078628501e+03
2.936136e-02 7.4759727273e+03
2.953465e-02 7.4439812074e+03
2.970832e-02 7.4119452621e+03
2.988237e-02 7.3796487952e+03
3.005682e-02 7.3473773679e+03
3.023167e-02 7.3151732349e+03
3.040694e-02 7.2829559570e+03
3.058264e-02 7.2504033537e+03
3.075878e-02 7.2176856782e+03
3.093538e-02 7.1854543330e+03
3.111245e-02 7.1529110576e+03
3.129001e-02 7.1203903958e+03
3.146807e-02 7.0877760851e+03
3.164664e-02 7.0552087800e+03
3.182575e-02 7.0226905299e+03
3.200540e-02 6.9900729407e+03
3.218562e-02 6.9574513620e+03
3.236642e-02 6.9246342108e+03
3.254782e-02 6.8918125923e+03
3.272984e-02 6.8593128629e+03
3.291250e-02 6.8267506677e+03
3.309583e-02 6.7937945220e+03
3.327983e-02 6.7615467285e+03
3.346454e-02 6.7287440987e+03
3.364998e-02 6.6960854136e+03
3.383617e-02 6.6634508015e+03
3.402313e-02 6.6310235797e+03
3.421090e-02 6.5982889859e+03
3.439949e-02 6.5660480876e+03
3.458895e-02 6.5335849134e+03
3.477928e-02 6.5010330899e+03
3.497054e-02 6.4687480188e+03
3.516275e-02 6.4361924350e+03
3.535593e-02 6.4042573898e+03
3.555013e-02 6.3717520214e+03
3.574539e-02 6.3395040599e+03
3.594174e-02 6.3074242914e+03
3.613921e-02 6.2751440982e+03
3.633786e-02 6.2433086758e+03
3.653772e-02 6.2110287856e+03
3.673883e-02 6.1790672528e+03
3.694126e-02 6.1471843654e+03
3.714504e-02 6.1157162871e+03
3.735022e-02 6.0835505529e+03
3.755687e-02 6.0517945179e+03
3.776504e-02 6.0201441971e+03
3.797478e-02 5.9884438842e+03
3.818617e-02 5.9566970788e+03
3.839927e-02 5.9255166966e+03
3.861414e-02 5.8942110596e+03
3.883087e-02 5.8625964918e+03
3.904952e-02 5.8313519220e+03
3.927019e-02 5.7998034006e+03
3.949296e-02 5.7687037840e+03
3.971791e-02 5.7375173278e+03
3.994515e-02 5.7064222352e+03
4.017478e-02 5.6751920897e+03
4.040691e-02 5.6442973310e+03
4.064165e-02 5.6131572489e+03
4.087913e-02 5.5822512179e+03
4.111948e-02 5.5513674697e+03
4.136283e-02 5.5204801818e+03
4.160934e-02 5.4896124112e+03
4.185917e-02 5.4588529423e+03
4.211247e-02 5.4280842042e+03
4.236944e-02 5.3972712199e+03
4.263027e-02 5.3666438322e+03
4.289517e-02 5.3359526976e+03
4.316436e-02 5.3052418515e+03
4.343809e-02 5.2745306673e+03
4.371661e-02 5.2437141312e+03
4.400021e-02 5.2128910535e+03
4.428920e-02 5.1821918147e+03
4.458390e-02 5.1516419271e+03
4.488468e-02 5.1208717610e+03
4.519194e-02 5.0901438494e+03
4.550609e-02 5.0593032188e+03
4.582761e-02 5.0282046904e+03
4.615702e-02 4.9974191204e+03
4.649488e-02 4.9659331839e+03
4.684182e-02 4.9348819270e+03
4.719853e-02 4.9039369863e+03
4.756578e-02 4.8723630231e+03
4.794442e-02 4.8408758889e+03
4.833542e-02 4.8089661045e+03
4.873984e-02 4.7773361171e+03
4.915888e-02 4.7451969024e+03
4.959391e-02 4.7126405531e+03
5.004647e-02 4.6801244190e+03
5.051832e-02 4.6471788303e+03
5.101147e-02 4.6136340976e+03
5.152823e-02 4.5801349286e+03
5.207128e-02 4.5456059479e+03
5.264370e-02 4.5108393440e+03
5.324914e-02 4.4752068968e+03
5.389184e-02 4.4391543972e+03
5.457680e-02 4.4016865550e+03
5.530999e-02 4.3634978151e+03
5.609846e-02 4.3236159359e+03
5.695069e-02 4.2823990394e+03
5.787678e-02 4.2386788423e+03
5.888885e-02 4.1929984974e+03
6.000131e-02 4.1434567946e+03
6.123108e-02 4.0905816494e+03
6.259767e-02 4.0317231661e+03
6.412262e-02 3.9656916310e+03
6.582813e-02 3.8904296513e+03
6.773441e-02 3.8030790296e+03
6.985545e-02 3.7010514764e+03
7.219420e-02 3.5818233679e+03
7.473906e-02 3.4438931480e+03
7.746429e-02 3.2882933625e+03
8.033498e-02 3.1186012148e+03
8.331446e-02 2.9404562170e+03
8.637028e-02 2.7608368653e+03
8.947715e-02 2.5866965381e+03
9.261701e-02 2.4248290944e+03
9.577769e-02 2.2790460781e+03
9.895132e-02 2.1526828656e+03
1.021329e-01 2.0452278695e+03
1.053194e-01 1.9570346950e+03
1.085089e-01 1.8851154374e+03
1.117001e-01 1.8273355715e+03
1.148925e-01 1.7794873248e+03
1.180856e-01 1.7383347591e+03
1.212790e-01 1.6996695242e+03
1.244727e-01 1.6605762524e+03
1.276665e-01 1.6190060086e+03
1.308605e-01 1.5727325685e+03
1.340545e-01 1.5211510110e+03
1.372485e-01 1.4647326940e+03
1.404425e-01 1.4048350013e+03
1.436366e-01 1.3425596531e+03
1.468307e-01 1.2803228796e+03
1.500247e-01 1.2197944412e+03
1.532188e-01 1.1626399857e+03
1.564129e-01 1.1102108357e+03
1.596070e-01 1.0635670891e+03
1.628010e-01 1.0230035577e+03
1.659951e-01 9.8847322739e+02
1.691892e-01 9.5946443153e+02
1.723833e-01 9.3537288108e+02
1.755773e-01 9.1484595520e+02
1.787714e-01 8.9680303656e+02
1.819655e-01 8.8018032148e+02
1.851596e-01 8.6415547047e+02
1.883536e-01 8.4747866619e+02
1.915477e-01 8.2939253695e+02
1.947418e-01 8.0962566702e+02
1.979359e-01 7.8797030454e+02
2.011299e-01 7.6492119750e+02
2.043240e-01 7.4049124429e+02
2.075181e-01 7.1572630933e+02
2.107122e-01 6.9109936560e+02
2.139062e-01 6.6723581302e+02
2.171003e-01 6.4455484099e+02
2.202944e-01 6.2344475539e+02
2.234885e-01 6.0412798683e+02
2.266826e-01 5.8698350884e+02
2.298766e-01 5.7151366061e+02
2.330707e-01 5.5801181741e+02
2.362648e-01 5.4617097586e+02
2.394589e-01 5.3555958983e+02
2.426529e-01 5.2583068790e+02
2.458470e-01 5.1659990836e+02
2.490411e-01 5.0756597362e+02
2.522352e-01 4.9839326580e+02
2.554292e-01 4.8885572678e+02
2.586233e-01 4.7899717109e+02
2.618174e-01 4.6863834365e+02
2.650115e-01 4.5784599778e+02
2.682055e-01 4.4673959956e+02
2.713996e-01 4.3546384847e+02
2.745937e-01 4.2422186140e+02
2.777878e-01 4.1317380455e+02
2.809818e-01 4.0255581649e+02
2.841759e-01 3.9249833864e+02
2.873700e-01 3.8309503151e+02
2.905641e-01 3.7443555539e+02
2.937582e-01 3.6644361029e+02
2.969522e-01 3.5908890579e+02
3.001463e-01 3.5227306920e+02
3.033404e-01 3.4595884781e+02
3.065345e-01 3.3997210391e+02
3.097285e-01 3.3422047379e+02
3.129226e-01 3.2864160633e+02
3.161167e-01 3.2308283172e+02
3.193108e-01 3.1750889190e+02
3.225048e-01 3.1188162036e+02
3.256989e-01 3.0612874807e+02
3.288930e-01 3.0032126056e+02
3.320871e-01 2.9446226614e+02
3.352811e-01 2.8860650287e+02
3.384752e-01 2.8279722875e+02
3.416693e-01 2.7709296139e+02
3.448634e-01 2.7155298313e+02
3.480575e-01 2.6618688605e+02
3.512515e-01 2.6099104063e+02
3.544456e-01 2.5608972259e+02
3.576397e-01 2.5140356543e+02
3.608338e-01 2.4697435043e+02
3.640278e-01 2.4275439766e+02
3.672219e-01 2.3875025454e+02
3.704160e-01 2.3490978012e+02
3.736101e-01 2.3120630609e+02
3.768041e-01 2.2758622037e+02
3.799982e-01 2.2404701393e+02
3.831923e-01 2.2055223500e+02
3.863864e-01 2.1708838173e+02
3.895804e-01 2.1363933987e+02
3.927745e-01 2.1021137134e+02
3.959686e-01 2.0679272556e+02
3.991627e-01 2.0338551409e+02
4.023567e-01 2.0000020691e+02
4.055508e-01 1.9666826203e+02
4.087449e-01 1.9338281437e+02
4.119390e-01 1.9016382110e+02
4.151331e-01 1.8703946146e+02
4.183271e-01 1.8401787070e+02
4.215212e-01 1.8112257053e+02
4.247153e-01 1.7830883250e+02
4.279094e-01 1.7559475522e+02
4.311034e-01 1.7297438352e+02
4.342975e-01 1.7044314567e+02
4.374916e-01 1.6799669422e+02
4.406857e-01 1.6560744844e+02
4.438797e-01 1.6327158494e+02
4.470738e-01 1.6096342541e+02
4.502679e-01 1.5869287130e+02
4.534620e-01 1.5644733064e+02
4.566560e-01 1.5421686653e+02
4.598501e-01 1.5200817529e+02
4.630442e-01 1.4982674537e+02
4.662383e-01 1.4767511608e+02
4.694323e-01 1.4555771836e+02
4.726264e-01 1.4346040169e+02
4.758205e-01 1.4142244511e+02
4.790146e-01 1.3942136700e+02
4.822087e-01 1.3746353826e+02
4.854027e-01 1.3555453609e+02
4.885968e-01 1.3369583987e+02
4.917909e-01 1.3187833926e+02
4.949850e-01 1.3012112018e+02
4.981790e-01 1.2839639043e+02
5.013731e-01 1.2670934054e+02
5.045672e-01 1.2505699525e+02
5.077613e-01 1.2343623445e+02
5.109553e-01 1.2184555783e+02
5.141494e-01 1.2026820034e+02
5.173435e-01 1.1873759987e+02
5.205376e-01 1.1723230650e+02
5.237316e-01 1.1573772879e+02
5.269257e-01 1.1426505291e+02
5.301198e-01 1.1280935592e+02
5.333139e-01 1.1137448358e+02
5.365080e-01 1.0996285986e+02
5.397020e-01 1.0857801818e+02
5.428961e-01 1.0721618855e+02
5.460902e-01 1.0587877148e+02
5.492843e-01 1.0456579685e+02
5.524783e-01 1.0327693454e+02
5.556724e-01 1.0201328726e+02
5.588665e-01 1.0077418429e+02
5.620606e-01 9.9560276326e+01
5.652546e-01 9.8372031598e+01
5.684487e-01 9.7206113824e+01
5.716428e-01 9.6061323193e+01
5.748369e-01 9.4934700212e+01
5.780309e-01 9.3825175527e+01
5.812250e-01 9.2730657134e+01
5.844191e-01 9.1640997767e+01
5.876132e-01 9.0580497052e+01
5.908072e-01 8.9536471213e+01
5.940013e-01 8.8508500080e+01
5.971954e-01 8.7494756059e+01
6.003895e-01 8.6496461403e+01
6.035836e-01 8.5522562472e+01
6.067776e-01 8.4553038873e+01
6.099717e-01 8.3597789325e+01
6.131658e-01 8.2658701797e+01
6.163599e-01 8.1736384903e+01
6.195539e-01 8.0829822140e+01
6.227480e-01 7.9937888734e+01
6.259421e-01 7.9060597615e+01
6.291362e-01 7.8196022393e+01
6.323302e-01 7.7345011637e+01
6.355243e-01 7.6506708888e+01
6.387184e-01 7.5683058191e+01
6.419125e-01 7.4872728683e+01
6.451065e-01 7.4075063409e+01
6.483006e-01 7.3289343063e+01
6.514947e-01 7.2513558333e+01
6.546888e-01 7.1748332328e+01
6.578828e-01 7.0992618950e+01
6.610769e-01 7.0248582458e+01
6.642710e-01 6.9515432839e+01
6.674651e-01 6.8793696886e+01
6.706592e-01 6.8082741141e+01
6.738532e-01 6.7381596840e+01
6.770473e-01 6.6690260461e+01
6.802414e-01 6.6007544037e+01
6.834355e-01 6.5334609479e+01
6.866295e-01 6.4671453333e+01
6.898236e-01 6.4018852249e+01
6.930177e-01 6.3376061026e+01
6.962118e-01 6.2743356751e+01
6.994058e-01 6.2119256132e+01
7.025999e-01 6.1503254428e+01
7.057940e-01 6.0895331133e+01
7.089881e-01 6.0295644632e+01
7.121821e-01 5.9704295465e+01
7.153762e-01 5.9121610758e+01
7.185703e-01 5.8547452549e+01
7.217644e-01 5.7981395525e+01
7.249585e-01 5.7422574593e+01
7.281525e-01 5.6870669702e+01
7.313466e-01 5.6325590460e+01
7.345407e-01 5.5787083188e+01
7.377348e-01 5.5256142044e+01
7.409288e-01 5.4732776696e+01
7.441229e-01 5.4216283054e+01
7.473170e-01 5.3707572822e+01
7.505111e-01 5.3205117903e+01
7.537051e-01 5.2708907694e+01
7.568992e-01 5.2218489100e+01
7.600933e-01 5.1734128736e+01
7.632874e-01 5.1256627039e+01
7.664814e-01 5.0786041810e+01
7.696755e-01 5.0321838113e+01
7.728696e-01 4.9863796530e+01
7.760637e-01 4.9411269838e+01
7.792577e-01 4.8963964882e+01
8.608101e-01 3.9227493710e+01
9.844398e-01 2.8987481408e+01
1.184959e+00 1.8963921244e+01
1.481573e+00 1.1269893149e+01
1.864795e+00 6.5329282034e+00
2.347634e+00 3.7524363628e+00
2.955497e+00 2.1387749400e+00
3.720750e+00 1.2103459731e+00
4.684147e+00 6.8063265848e-01
5.896991e+00 3.8049911016e-01
7.423872e+00 2.1154083544e-01
9.346101e+00 1.1707342963e-01
1.176604e+01 6.4499564369e-02
1.481257e+01 3.5375191132e-02
