0.000000000000000000000000000000	0.000001398198560974076326177910	-0.000004194580043292165553254960
0.000006899798171755566755791733	0.000013473022893183920012188069	0.000013473022893183920012188069
0.000027599002258127391939979134	0.000027713139661457997095983172	-0.000026178239502938886756498379
0.000062097040977815431972430815	0.000041340821836161306245677194	0.000041340821836161306245677194
0.000110392962212768619423286509	0.000055227570629894022599844228	-0.000055618837890601745092833408
0.000172485433034552659847804534	0.000068968525356290284636200105	0.000068968525356290284636200105
0.000248372739741153925052685736	0.000082799311801661737864749258	-0.000082543469694181659376472360
0.000338052787904163931642642638	0.000096564326582387630874652895	0.000096564326582387630874652895
0.000441523102426566449452138841	0.000110373226105435408728877578	-0.000110488251229760414250796741
0.000558780827611293773315992439	0.000124143483661225470645814162	0.000124143483661225470645814162
0.000689822727239775002061605846	0.000137938418000966677833679652	-0.000137840546213547829584172844
0.000834645184661420014293753411	0.000151706793167436285695026665	0.000151706793167436285695026665
0.000993244202893261984854689217	0.000165489779122843824570032734	-0.000165542916014751269240118381
0.001165615404730369064623118902	0.000179252404947717689648323258	0.000179252404947717689648323258
0.001351754032866914201349572977	0.000193023539246407358979662483	-0.000192972647717995363439436041
0.001551654950026848389654787752	0.000206777743958761459942830019	0.000206777743958761459942830019
0.001765312639106397796240344178	0.000220536349462390602162512043	-0.000220566664949560124276209394
0.001992721203325664713901232972	0.000234279983455662227809918052	0.000234279983455662227809918052
0.002233874366391996879599446402	0.000248025023249853185294128144	-0.000247993990808536028582625965
0.002488765472672738177095652645	0.000261756194841303822806732882	0.000261756194841303822806732882
0.002757387487379137080978352969	0.000275486446865176235181821296	-0.000275505969262480226219386159
0.003039732996760469152519590352	0.000289203404095028410343559688	0.000289203404095028410343559688
0.003335794208308540120810903318	0.000302917543592361973754656379	-0.000302896689784708282935921098
0.003645562950973013638389375046	0.000316618615957919228697664549	0.000316618615957919228697664549
0.003969030675386620021782846379	0.000330315257933043329805627986	-0.000330328852950874548004972509
0.004306188454101300688847686615	0.000343998825429846092141539238	0.000343998825429846092141539238
0.004657026981834622159084347004	0.000357676548075296215842278080	-0.000357661588334688479093315117
0.005021536575726404105779465681	0.000371341023741229598210261686	0.000371341023741229598210261686
0.005399707175606116571486836619	0.000384998382123843529284412668	-0.000385008380504325148363520270
0.005791528344270546746486161283	0.000398642201716095157838781748	0.000398642201716095157838781748
0.006196989267771679799068351713	0.000412277736168335556983521872	-0.000412266489607689351828967439
0.006616078755715459891462160158	0.000425899351819145359412249752	0.000425899351819145359412249752
0.007048785241570321158377510073	0.000439511593305494754381490541	-0.000439519248035337146800205499
0.007495096782986543360038922401	0.000453109469501182114854753724	0.000453109469501182114854753724
0.007955001062125988120499187062	0.000466696943181899449436950134	-0.000466688184834809121400572840
0.008428485386001716150872198341	0.000480269554152395648175671861	0.000480269554152395648175671861
0.008915536686828762213963273098	0.000493830781833429167601567933	-0.000493836825460715941188416522
0.009416141522384346984608782805	0.000507376609827412880515673521	0.000507376609827412880515673521
0.009930286076379135629110805894	0.000520910111700049463165362873	-0.000520903101253989862448601222
0.010457956158838543903044637773	0.000534427645832651217715214553	0.000534427645832651217715214553
0.010999137206494369323195314792	0.000547931941747602300855912727	-0.000547936830772378469060768236
0.011553814283186469857866995881	0.000561419677227911729198994717	0.000561419677227911729198994717
0.012121972080275433825136133237	0.000574893287656676839000868817	-0.000574887551633318071714340292
0.012703594917064631175662725582	0.000588349725273017913444728588	0.000588349725273017913444728588
0.013298666741233478028050285502	0.000601791172054557408147013042	-0.000601795205597102514719076716
0.013907171129279860544158964331	0.000615214817838246447699590558	0.000615214817838246447699590558
0.014529091286973994101572316140	0.000628622624775324696441702876	-0.000628617846376061618560160404
0.015164410049821663850622144309	0.000642011989790315846550472489	0.000642011989790315846550472489
0.015813109883537790345542362047	0.000655384683138715801002660566	-0.000655388065303456348285882083
0.016475172884530875361264179446	0.000668738283361445195150662979	0.000668738283361445195150662979
0.017150580780396329494408291794	0.000682074392241566987600542848	-0.000682070351551084907808231161
0.017839314930421679150640557054	0.000695390748506402849721252935	0.000695390748506402849721252935
0.018541356326100322249317287060	0.000708688805257782290965284933	-0.000708691680047444472027862172
0.019256685591656552691830484036	0.000721966443250815709600787251	0.000721966443250815709600787251
0.019985282984580132747964853479	0.000735224983744072781155498575	-0.000735221523355678767755461145
0.020727128396171190516383830982	0.000748462434032932184997666258	0.000748462434032932184997666258
0.021482201352095275925790929250	0.000761679997949564046438863940	-0.000761682469850597952329418483
0.022250481012948353232161480264	0.000774875796040383848541088785	0.000774875796040383848541088785
0.023031946174832118590103391398	0.000788050927127946347107434466	-0.000788047931424567843668171907
0.023826575269938921053380909143	0.000801203613542960367023548773	0.000801203613542960367023548773
0.024634346367147230694172321819	0.000814334859851214426518239975	-0.000814337006506935228572485741
0.025455237172626987707246826176	0.000827442980222169882122129625	0.000827442980222169882122129625
0.026289225030454554943304401604	0.000840528894324302873128362812	-0.000840526276483041182713273898
0.027136286923238384094503317101	0.000853590999498072514235780250	0.000853590999498072514235780250
0.027996399472754118775696952071	0.000866630138700114939498408972	-0.000866632019003713309143743793
0.028869538940589800635194706047	0.000879644784853779687465447079	0.000879644784853779687465447079
0.029755681228800900939290841052	0.000892635711394565347504004293	-0.000892633404954127620753445704
0.030654801880575732742073569170	0.000905601460157869075917602686	0.000905601460157869075917602686
0.031566876080910188928640991435	0.000918542741401339466258968436	-0.000918544400829106755940189899
0.032491878657292638798992356897	0.000931458159984905665652876738	0.000931458159984905665652876738
0.033429784080398650125687254331	0.000944348368606143240278072426	-0.000944346321832287803610395116
0.034380566464796036285633817897	0.000957212029934189061880500660	0.000957212029934189061880500660
0.035344199569658119042259158959	0.000970049744100270178691347578	-0.000970051218323366858282963410
0.036320656799489647870160524690	0.000982860226946843593132108197	0.000982860226946843593132108197
0.037309911204858936528694357548	0.000995644030493333075104711583	-0.000995642202516434753067908758
0.038311935483143377823012087902	0.001008399919621269643851824149	0.001008399919621269643851824149
0.039326701979281619703243677577	0.001021128402225048676862928509	-0.001021129719614673582797625961
0.040354182686537620750044652596	0.001033828288527053468337513209	0.001033828288527053468337513209
0.041394349247273587444340137154	0.001046500045875973063450037337	-0.001046498403983119615881514086
0.042447172953731793221265888860	0.001059142526517292768467592978	0.001059142526517292768467592978
0.043512624748828332421624054405	0.001071756160477102624156708899	-0.001071757343879255371110748030
0.044590675226953424559184213649	0.001084339839039408183093970983	0.001084339839039408183093970983
0.045681294634784430641616381763	0.001096893957818267668208322974	-0.001096892475516542727470570284
0.046784452872106141452235306133	0.001109417444444391357902257589	0.001109417444444391357902257589
0.047900119492641723972781164775	0.001121910662755256542569282097	-0.001121911730771887405824771555
0.049028263704893215724212041096	0.001134372574294528627017464295	0.001134372574294528627017464295
0.050168854372991067425147093672	0.001146803513515588833840408434	-0.001146802169121965064499391040
0.051321860017553733168682583710	0.001159202473669545445725259647	0.001159202473669545445725259647
0.052487248816556197894556134997	0.001171569762002935702685513242	-0.001171570729932535888731526263
0.053664988606208385846230157767	0.001183904401471189355224411521	0.001183904401471189355224411521
0.054855046881843061434835817636	0.001196206674100073075878158946	-0.001196205449698190675933417992
0.056057390798812389842709080767	0.001208475630726222639632627676	0.001208475630726222639632627676
0.057271987173395100256811929285	0.001220711529970375285383821229	-0.001220712410509071496264588141
0.058498802483711698219082109063	0.001232913448887785427127150584	0.001232913448887785427127150584
0.059737802870650058562063122736	0.001245081624357764153027128273	-0.001245080505014893156728872370
0.060988954138799789106428761443	0.001257215158135123163687940639	0.001257215158135123163687940639
0.062252221757395864720763256628	0.001269314266885121760680688041	-0.001269315070656552250222270928
0.063527570861272142366260595736	0.001281378075671658293283039498	0.001281378075671658293283039498
0.064814966251822703213747445261	0.001293406782351059136279558537	-0.001293405755522566242740611919
0.066114372397974130457498631586	0.001305399534021364944813559106	0.001305399534021364944813559106
0.067425753437165836245981154207	0.001317356511025075333290446089	-0.001317357246985825574778217195
0.068749073176339769997156281534	0.001329276881323421255487460257	0.001329276881323421255487460257
0.070084295092939785654095885548	0.001341160808940996965535341623	-0.001341159864011946594927748855
0.071431382335918391923712533753	0.001353007481625112659248677538	0.001353007481625112659248677538
0.072790297726755825991062920366	0.001364817048188738096009542389	-0.001364817723942229020506200499
0.074161003760483734659203491901	0.001376588715172969443548134372	0.001376588715172969443548134372
0.075543462606722733276853887219	0.001388322617204278564689845510	-0.001388321745132740751837996385
0.076937636110724294535856415678	0.001400017978702083930667154910	0.001400017978702083930667154910
0.078343485794425515855721187108	0.001411674921057870946833334713	-0.001411675543099861779988701826
0.079760972857510159528260373918	0.001423292685723614005646742164	0.001423292685723614005646742164
0.081190058178479240780234249542	0.001434871381740397862369906790	-0.001434870574777031507901492446
0.082630702315732107443579934625	0.001446410266810397530351517403	0.001446410266810397530351517403
0.084082865508653181763065731502	0.001457909438447914764538926313	-0.001457910012360431233416346863
0.085546507678710970168367566657	0.001469368169880688268849611156	0.001469368169880688268849611156
0.087021588430563179272780871543	0.001480786547864266101265373621	-0.001480785799329853262562561866
0.088508067053171823879154089809	0.001492163860479956728755102091	0.001492163860479956728755102091
0.090005902520926994725414260756	0.001503500184441796966999804752	-0.001503500715047666538848325501
0.091515053494779008413928522714	0.001514794822060760038501259217	0.001514794822060760038501259217
0.093035478323379328102760155161	0.001526047840680105818073064583	-0.001526047144787503594826061359
0.094567135044230199447667928325	0.001537258556260601496945561451	0.001537258556260601496945561451
0.096109981384842613216790141450	0.001548427027402810062309268524	-0.001548427518889849930847080195
0.097663974763903149689525662325	0.001559552583177780012146929067	0.001559552583177780012146929067
0.099229072292449038705797192961	0.001570635274032310428268810476	-0.001570634625742815858664980233
0.100805230775052101499511536531	0.001581674441645207528431282817	0.001581674441645207528431282817
0.102392406711010630626645934171	0.001592670128862478653650192051	-0.001592670584884054623200921874
0.103990556295550096166380171780	0.001603621689502164517765470109	0.001603621689502164517765470109
0.105599635421032289617215838007	0.001614529159329284539042825841	-0.001614528554235904189706474199
0.107219599678172128331965495818	0.001625391903863914388680966816	0.001625391903863914388680966816
0.108850404357264451959963480476	0.001636209952279313577933050894	-0.001636210376036352151518649123
0.110492004449416147959794898270	0.001646982681389221915557730114	0.001646982681389221915557730114
0.112144354647790156498388114414	0.001657710114236138300089495878	-0.001657709548468068319962420709
0.113807409348855026465230366739	0.001668391638545700661477866333	0.001668391638545700661477866333
0.115481122653643353270780380626	0.001679027271664534004189106575	-0.001679027665972870420399432057
0.117165448369019653540590297780	0.001689616411872957085424373780	0.001689616411872957085424373780
0.118860340008953402346492111974	0.001700159071232461901329591214	-0.001700158541376397929034691714
0.120565750795804116357601287746	0.001710654658243549548421458262	0.001710654658243549548421458262
0.122281633661610378283057798399	0.001721103180070875614260383912	-0.001721103547416876020786924428
0.124007941249390962745735578210	0.001731504055121653798399172786	0.001731504055121653798399172786
0.125744625914449403847328312622	0.001741857286031220494390558962	-0.001741856789066158076387247355
0.127491639725691552342823342769	0.001752162300819496299625344093	0.001752162300819496299625344093
0.129248934466946574506351907985	0.001762419097940691242384914084	-0.001762419440527495219719900099
0.131016461638297831981958552205	0.001772627114751459346392303829	0.001772627114751459346392303829
0.132794172457422976485474919173	0.001782786345855115776523613924	-0.001782785879097989337541130261
0.134582017860937930286979735683	0.001792896237685869236661018178	0.001792896237685869236661018178
0.136379948505753412213437059108	0.001802956781309582442660022217	-0.001802957101095760883077701031
0.138187914770434849831559631639	0.001812967431994420234447895623	0.001812967431994420234447895623
0.140005866756573116305162329809	0.001822928177566622348279579136	-0.001822927738626791685158656797
0.141833754290160873878789971059	0.001832838481899189001303462909	0.001832838481899189001303462909
0.143671526922977965678995815324	0.001842698329862013607513548941	-0.001842698628593989829474453224
0.145519133933983357831465355048	0.001852507193717285683895457105	0.001852507193717285683895457105
0.147376524330715186206219868836	0.001862265055648190800394181643	-0.001862264642389081141862772206
0.149243646850697908590177576116	0.001871971396103026949106484800	0.001871971396103026949106484800
0.151120449962857394954340861659	0.001881626194835166188124020437	-0.001881626474074638444983209595
0.153006881868942901103736176083	0.001891228940287648964402311691	0.001891228940287648964402311691
0.154902890504956758377375081182	0.001900779610028990439934970524	-0.001900779220535659622820512382
0.156808423542591335309026590039	0.001910277700316538205746463852	0.001910277700316538205746463852
0.158723428390673049204195876882	0.001919723186767715574982395843	-0.001919723447914875461353667596
0.160647852196614149278275363031	0.001929115573283920461941653990	0.001929115573283920461941653990
0.162581641847871105621692322529	0.001938454833754783140919997209	-0.001938454466306326496455314512
0.164524743973411102793136251421	0.001947740479565044030910159201	0.001947740479565044030910159201
0.166477104945183584927548281485	0.001956972483089945182010982450	-0.001956972727403260420286912336
0.168438670879602514496298226732	0.001966150363045737845674176825	0.001966150363045737845674176825
0.170409387639031240091469499021	0.001975274090497478388095409230	-0.001975273743543492013796658568
0.172389200833278133373482887691	0.001984343191349441457710378600	0.001984343191349441457710378600
0.174378055821097943667297158754	0.001993357635551910866933411626	-0.001993357864165058376815231611
0.176375897711697871006464310994	0.002002316956061532104288458456	0.002002316956061532104288458456
0.178382671366255352030094627480	0.002011221121901058794118055673	-0.002011220794041485102759958536
0.180398321399436956102846352223	0.002020069672951084818746103622	0.002020069672951084818746103622
0.182422792180929660421639937340	0.002028862577486366218504354464	-0.002028862791422727032686346149
0.184456027836973568412304302910	0.002037599382189917915364496537	0.002037599382189917915364496537
0.186497972251906674046040279791	0.002046280054760670537999933671	-0.002046279744728444951323842460
0.188548569069711291490420990158	0.002054904148568943364483452285	0.002054904148568943364483452285
0.190607761695570809834521242010	0.002063471630903163361175911561	-0.002063471831088369446566277432
0.192675493297431277284204043099	0.002071982061711827478867053998	0.002071982061711827478867053998
0.194751706807569369139798709512	0.002080435408031664715894359929	-0.002080435114677704668689761647
0.196836344924168793468766125443	0.002088831236285875608826856364	0.002088831236285875608826856364
0.198929350112900360514345265983	0.002097169513412138613928092923	-0.002097169700684862851669532091
0.201030664608510545310338102354	0.002105449812210185081551294672	0.002105449812210185081551294672
0.203140230416415712433320095442	0.002113672099665436961146713912	-0.002113671821945693925226539278
0.205257989314302558003788590213	0.002121835954860968806445775670	0.002121835954860968806445775670
0.207383882853735324047761423572	0.002129941344971245792416780773	-0.002129941520092592903423689421
0.209517852361768508462347426757	0.002137987855274112430209454416	0.002137987855274112430209454416
0.211659838942566347341767141188	0.002145975453269178320064858312	-0.002145975190233344754436872748
0.213809783479028903130370053987	0.002153903730344896953752265034	0.002153903730344896953752265034
0.215967626634422205089691715330	0.002161772654457085052204234898	-0.002161772818118772553075412901
0.218133308854017327060859088306	0.002169581823024793569565371598	0.002169581823024793569565371598
0.220306770366733462029884549338	0.002177331204586435697834190250	-0.002177330955368123911741751186
0.222487951186787435986502714513	0.002185020402515495084594387976	0.002185020402515495084594387976
0.224676791115349605565398860563	0.002192649386054872605311683031	-0.002192649538886320623176651168
0.226873229742204807202199390304	0.002200217764459951909350454713	0.002200217764459951909350454713
0.229077206447420633761424824115	0.002207725507795773537550454435	-0.002207725271603914064116880311
0.231288660403018708766609279337	0.002215172231130547488009430168	0.002215172231130547488009430168
0.233507530574655786104187882302	0.002222557905465013736168167213	-0.002222558048039609095158919416
0.235733755723306070972711268041	0.002229882151614307351367161303	0.002229882151614307351367161303
0.237967274406952533638559543760	0.002237144941624617192760249296	-0.002237144717735922282847438325
0.240208024982283385728720759289	0.002244345901995152200991689995	0.002244345901995152200991689995
0.242455945606390832480769859103	0.002251485005923589861887013086	-0.002251485138764119237064775803
0.244710974238481315801152504719	0.002258561885533190254082835935	0.002258561885533190254082835935
0.246973048641584203011234421865	0.002265576515275660295783977105	-0.002265576303027998141675913857
0.249242106384273076624680243185	0.002272528532840961679184488275	0.002272528532840961679184488275
0.251518084842385247767992950685	0.002279417914034034386289162555	-0.002279418037617512906439776188
0.253800921200753260009719269874	0.002286244302056724894689487826	0.002286244302056724894689487826
0.256090552454936393189655063907	0.002293007674163181994902993566	-0.002293007472949762804576012698
0.258386915412960493920735416395	0.002299707679014649855386842603	0.002299707679014649855386842603
0.260689946697061969427267058563	0.002306344295407452942014980835	-0.002306344410169339567695523385
0.262999582745436111252956834505	0.002312917177411997256969433678	0.002312917177411997256969433678
0.265315759813993190530112542547	0.002319426305456778227009895232	-0.002319426114720993421791650491
0.267638413978115718983019633015	0.002325871338973185646625818634	0.002325871338973185646625818634
0.269967481134423925581700132170	0.002332252260109131218601685731	-0.002332252366447073142763368736
0.272302897002544619375896672864	0.002338568733610779833143045181	0.002338568733610779833143045181
0.274644597126885159354969800916	0.002344820743430015529129573082	-0.002344820562660850267466816632
0.276992516878412642356011019729	0.002351007959583378045115287236	0.002351007959583378045115287236
0.279346591456437476352903104271	0.002357130367908734543125337524	-0.002357130466185860563632648024
0.281706755890401505659781378199	0.002363187643650356637575749019	0.002363187643650356637575749019
0.284072945041672353383432891860	0.002369179774611615638818529206	-0.002369179603339663289091054921
0.286445093605339207165627612994	0.002375106441223472780732706156	0.002375106441223472780732706156
0.288823136112016820575831843598	0.002380967633331983104166829079	-0.002380967723879853521068428179
0.291207006929651956994575812132	0.002386763036515284364807998330	0.002386763036515284364807998330
0.293596640265334385411222228868	0.002392492642737039775652219120	-0.002392492480530872007299381110
0.295991970167113593870311660794	0.002398156142684435259554431852	0.002398156142684435259554431852
0.298392930525817612341654694319	0.002403753530511509080985765863	-0.002403753613632672678918078546
0.300799455076879385106991549037	0.002409284501977697074553974588	0.002409284501977697074553974588
0.303211477402163587235861541558	0.002414749053498096466319200459	-0.002414748899961086103793661550
0.305628930931801656711854775494	0.002420146885868841146044472268	0.002420146885868841146044472268
0.308051748946027603714981069061	0.002425477997834744620792024605	-0.002425478073805067535245738597
0.310479864577020592264489096124	0.002430742095194233631100244608	0.002430742095194233631100244608
0.312913210810749076173920002475	0.002435939179088606170581199351	-0.002435939033856076175316163202
0.315351720488821429810855079268	0.002441068960285253889447298903	0.002441068960285253889447298903
0.317795326310339409925376230603	0.002446131442386837058500237418	-0.002446131511457538473819361968
0.320243960833754948147600316588	0.002451126341097394339268999985	0.002451126341097394339268999985
0.322697556478732272555731697139	0.002456053662544059254524420055	-0.002456053525280767375893464788
0.325156045528012027645559101074	0.002460913127336124620048174449	0.002460913127336124620048174449
0.327619360129281556037739164822	0.002465704744186597314331566011	-0.002465704806586063117107565645
0.330087432297046179385802133766	0.002470428238579477995401356694	0.002470428238579477995401356694
0.332560193914506918577700389505	0.002475083621873395544471518903	-0.002475083492271235811182927833
0.335037576735439157626927908495	0.002479670624397308387881766478	0.002479670624397308387881766478
0.337519512386077413790275159045	0.002484189260213616207845221950	-0.002484189316149016616558364845
0.340005932367001162397457392217	0.002488639264467251439177930550	0.002488639264467251439177930550
0.342496768055026101773563595998	0.002493020653980987291070681167	-0.002493020531757022834745685103
0.344991950705098526785974399900	0.002497333168687393065154900285	0.002497333168687393065154900285
0.347491411452191256703514454784	0.002501576828224745877027324070	-0.002501576877883481334063908719
0.349995081313205835815693944824	0.002505751377285535350797340826	0.002505751377285535350797340826
0.352502891188875122630008718261	0.002509856838377261256667338785	-0.002509856723271857749379964986
0.355014771865671541206666006474	0.002513892960925183384102155060	0.002513892960925183384102155060
0.357530654017715665560217530583	0.002517859770358335178008779565	-0.002517859813909282748478624114
0.360050468208691909488550209062	0.002521757020808112949999957308	0.002521757020808112949999957308
0.362574144893762273511583771324	0.002525584740676087725647080973	-0.002525584632451337383646228218
0.365101614421487807859989516146	0.002529342688773621866671348357	0.002529342688773621866671348357
0.367632807035750353019665226384	0.002533030896524516000639648539	-0.002533030934119179494040663414
0.370167652877676722766864259029	0.002536649127394351773551184337	0.002536649127394351773551184337
0.372706081987568493829598992306	0.002540197415877621951035836290	-0.002540197314315892438557620281
0.375248024306831240437531960197	0.002543675530068744122108581607	0.002543675530068744122108581607
0.377793409679909375498141343996	0.002547083507580170068373970338	-0.002547083539353662759441299102
0.380342167856221158306340157651	0.002550421121110083531868806261	0.002550421121110083531868806261
0.382894228492098864791159940069	0.002553688411435015102185497327	-0.002553688316337660631910599918
0.385449521152729124295888141205	0.002556885155832141522103118092	0.002556885155832141522103118092
0.388007975314097641739152777518	0.002560011398287045328997502125	-0.002560011424358971197229317696
0.390569520364934918976729250062	0.002563066920631367710120551706	0.002563066920631367710120551706
0.393134085608665195810118575537	0.002566051770103651603893712974	-0.002566051681289863682644547538
0.395701600265358610641897030291	0.002568965733065690058845031984	0.002568965733065690058845031984
0.398271993473683083575309638036	0.002571808860051817604425172803	-0.002571808880527056296455556961
0.400845194292861584095533089567	0.002574580941929823126035348224	0.002574580941929823126035348224
0.403421131704628344039065268589	0.002577282032571708968865520362	-0.002577281949877500717011047371
0.405999734615191010256296522130	0.002579911927327209215238257300	0.002579911927327209215238257300
0.408580931857190354783426755603	0.002582470683446850667069893959	-0.002582470698416210620057542613
0.411164652191666757374832741334	0.002584958100738398139445406443	0.002584958100738398139445406443
0.413750824310024634122839870543	0.002587374239870823648679287743	-0.002587374163148115600863174990
0.416339376836001695547651024754	0.002589718905086057718079040058	0.002589718905086057718079040058
0.418930238327637760598065597151	0.002591992160510515896820749049	-0.002591992170051309399281258550
0.421523337279247123365877314427	0.002594193814796434596064989009	0.002594193814796434596064989009
0.424118602123392585134808996372	0.002596323935565843319533962941	-0.002596323864681670656046064138
0.426715961232859097851388696654	0.002598382335857426714276208202	0.002598382335857426714276208202
0.429315342922632625644041581836	0.002600369086826082292568385057	-0.002600369091002638095161403342
0.431916675451876730384981328825	0.002602284005873074443360160046	0.002602284005873074443360160046
0.434519887025913931211107410491	0.002604127167722626503415517263	-0.002604127102558436487184101438
0.437124905798206175866482681158	0.002605898394114626506062881717	0.002605898394114626506062881717
0.439731659872338531691582375061	0.002607597763378299935560500344	-0.002607597762242353563871821720
0.442340077304003043145996798557	0.002609225101568093951875937364	0.002609225101568093951875937364
0.444950086102984199154519728836	0.002610780490653134052608796978	-0.002610780431104161528749196819
0.447561614235146509876983600407	0.002612263760978286979835827353	0.002612263760978286979835827353
0.450174589624421750411187304053	0.002613674998186726709803462398	-0.002613674991777794297254100542
0.452788940154798646986478161125	0.002615014036889381447009705894	0.002615014036889381447009705894
0.455404593672313173779997441670	0.002616280966436937763242021049	-0.002616280912411683007290363889
0.458021477987039904444799276462	0.002617475625681908377173634506	0.002617475625681908377173634506
0.460639520875084362838691731667	0.002618598107715256612104681722	-0.002618598096060880363322720399
0.463258650080576483976102508677	0.002619648255606336472584017017	0.002619648255606336472584017017
0.465878793317664574580305725249	0.002620626166218497764964778796	-0.002620626117638271117965542700
0.468499878272510605903278246842	0.002621531686813009538045138314	0.002621531686813009538045138314
0.471121832605285839612463405501	0.002622364918057078567170670169	-0.002622364901173023649105786603
0.473744583952167452878256881377	0.002623125711378662596601207824	0.002623125711378662596601207824
0.476368059927335552039551203052	0.002623814171279705616951494207	-0.002623814128078265795612766809
0.478992188124971407514607335543	0.002624430153329371413761794685	0.002624430153329371413761794685
0.481616896121255133600413955719	0.002624973765894601275550090946	-0.002624973743785021483565511602
0.484242111476364978095432434202	0.002625444868659961884793663245	0.002625444868659961884793663245
0.486867761736476611922341817262	0.002625843573887121518845022550	-0.002625843536010339946545899537
0.489493774435762418750783808719	0.002626169745349914846910266419	0.002626169745349914846910266419
0.492120077098391839331981145733	0.002626423499233937301766683703	-0.002626423471891432305513891521
0.494746597240531937877960899641	0.002626604703375757209060648023	0.002626604703375757209060648023
0.497373262372347024751206845394	0.002626713477913587314882537527	-0.002626713445319216536089079739
0.500000000000000000000000000000	0.002626749694719859602037859148	0.002626749694719859602037859148
0.502626737627653086271095617121	0.002626713477913587314882537527	-0.002626713445319216536089079739
0.505253402759468173144341562875	0.002626604703375757642741517017	0.002626604703375757642741517017
0.507879922901608216179170085525	0.002626423499233937735447552697	-0.002626423471891431871833022527
0.510506225564237636760367422539	0.002626169745349915714272004408	0.002626169745349915714272004408
0.513132238263523499099960645253	0.002625843573887121518845022550	-0.002625843536010339946545899537
0.515757888523635132926870028314	0.002625444868659961451112794251	0.002625444868659961451112794251
0.518383103878744977421888506797	0.002624973765894600841869221952	-0.002624973743785021049884642608
0.521007811875028647996543895715	0.002624430153329370980080925690	0.002624430153329370980080925690
0.523631940072664447960448796948	0.002623814171279705183270625213	-0.002623814128078265361931897814
0.526255416047832547121743118623	0.002623125711378662596601207824	0.002623125711378662596601207824
0.528878167394714271409839057014	0.002622364918057079000851539163	-0.002622364901173023215424917609
0.531500121727489505119024215674	0.002621531686813009971726007308	0.002621531686813009971726007308
0.534121206682335536441996737267	0.002620626166218497764964778796	-0.002620626117638271117965542700
0.536741349919423571535048722581	0.002619648255606336472584017017	0.002619648255606336472584017017
0.539360479124915692672459499590	0.002618598107715254877381205745	-0.002618598096060879495960982410
0.541978522012960151066351954796	0.002617475625681907076131027523	0.002617475625681907076131027523
0.544595406327686881731153789588	0.002616280966436937329561152055	-0.002616280912411683440971232883
0.547211059845201353013521838875	0.002615014036889381447009705894	0.002615014036889381447009705894
0.549825410375578305099963927205	0.002613674998186726709803462398	-0.002613674991777794297254100542
0.552438385764853490123016399593	0.002612263760978286979835827353	0.002612263760978286979835827353
0.555049913897015856356631502422	0.002610780490653135353651403960	-0.002610780431104161962430065813
0.557659922695997178898608126474	0.002609225101568095686599413341	0.002609225101568095686599413341
0.560268340127661468308417624939	0.002607597763378300369241369339	-0.002607597762242353130190952726
0.562875094201793824133517318842	0.002605898394114626939743750711	0.002605898394114626939743750711
0.565480112974086179811195052025	0.002604127167722626503415517263	-0.002604127102558435619822363449
0.568083324548123269615018671175	0.002602284005873074877041029040	0.002602284005873074877041029040
0.570684657077367485378260880680	0.002600369086826082726249254051	-0.002600369091002638528842272336
0.573284038767140957659762534604	0.002598382335857426280595339207	0.002598382335857426280595339207
0.575881397876607636909795928659	0.002596323935565843319533962941	-0.002596323864681670656046064138
0.578476662720752932145273916831	0.002594193814796434162384120015	0.002594193814796434162384120015
0.581069761672362350424236865365	0.002591992160510516330501618043	-0.002591992170051310700323865532
0.583660623163998359963500206504	0.002589718905086057284398171063	0.002589718905086057284398171063
0.586249175689975254854857666942	0.002587374239870823648679287743	-0.002587374163148116468224912978
0.588835347808333242625167258666	0.002584958100738398139445406443	0.002584958100738398139445406443
0.591419068142809534194270781882	0.002582470683446849799708155970	-0.002582470698416211487419280601
0.594000265384809100766005940386	0.002579911927327209215238257300	0.002579911927327209215238257300
0.596578868295371544938632268895	0.002577282032571708535184651367	-0.002577281949877499415968440388
0.599154805707138637949071835465	0.002574580941929823126035348224	0.002574580941929823126035348224
0.601728006526316971935841593222	0.002571808860051817604425172803	-0.002571808880527056296455556961
0.604298399734641611402707894740	0.002568965733065688757802425002	0.002568965733065688757802425002
0.606865914391334859701032655721	0.002566051770103651603893712974	-0.002566051681289863682644547538
0.609430479635065247556724443712	0.002563066920631366409077944724	0.002563066920631366409077944724
0.611992024685902413771998453740	0.002560011398287044895316633131	-0.002560011424358971630910186690
0.614550478847270875704111858795	0.002556885155832141955783987086	0.002556885155832141955783987086
0.617105771507901135208840059931	0.002553688411435014668504628332	-0.002553688316337660198229730923
0.619657832143778897204811073607	0.002550421121110083531868806261	0.002550421121110083531868806261
0.622206590320090846546463581035	0.002547083507580170502054839332	-0.002547083539353663193122168096
0.624751975693168759562468039803	0.002543675530068744122108581607	0.002543675530068744122108581607
0.627293918012431617192703470209	0.002540197415877622818397574278	-0.002540197314315893305919358269
0.629832347122323277233135740971	0.002536649127394351773551184337	0.002536649127394351773551184337
0.632367192964249813513788467390	0.002533030896524517301682255521	-0.002533030934119179927721532408
0.634898385578512192140010483854	0.002529342688773623167713955340	0.002529342688773623167713955340
0.637425855106237837510718691192	0.002525584740676088159327949967	-0.002525584632451336949965359224
0.639949531791308201533752253454	0.002521757020808112949999957308	0.002521757020808112949999957308
0.642469345982284223417480006901	0.002517859770358334744327910570	-0.002517859813909282314797755120
0.644985228134328569815636456042	0.002513892960925182950421286066	0.002513892960925182950421286066
0.647497108811124766347688819224	0.002509856838377260822986469790	-0.002509856723271857315699095992
0.650004918686794219695457286434	0.002505751377285534917116471831	0.002505751377285534917116471831
0.652508588547808798807636776473	0.002501576828224746310708193064	-0.002501576877883481767744777713
0.655008049294901639747479293874	0.002497333168687392631474031290	0.002497333168687392631474031290
0.657503231944973953737587635260	0.002493020653980989025794157143	-0.002493020531757024569469161079
0.659994067632998948624845070299	0.002488639264467251872858799544	0.002488639264467251872858799544
0.662480487613922641720876072213	0.002484189260213616641526090945	-0.002484189316149017050239233839
0.664962423264560786861920860247	0.002479670624397307520520028490	0.002479670624397307520520028490
0.667439806085493136933450841752	0.002475083621873394243428911921	-0.002475083492271234510140320850
0.669912567702953820614197866234	0.002470428238579477561720487699	0.002470428238579477561720487699
0.672380639870718499473412066436	0.002465704744186598181693303999	-0.002465704806586064851831041622
0.674843954471987972354440898926	0.002460913127336125053729043444	0.002460913127336125053729043444
0.677302443521267782955419534119	0.002456053662544058820843551061	-0.002456053525280766942212595794
0.679756039166245162874702145928	0.002451126341097393905588130991	0.002451126341097393905588130991
0.682204673689660756608077463170	0.002446131442386837492181106413	-0.002446131511457538907500230962
0.684648279511178570189144920732	0.002441068960285254323128167897	0.002441068960285254323128167897
0.687086789189251034848382460041	0.002435939179088606170581199351	-0.002435939033856075307954425213
0.689520135422979518757813366392	0.002430742095194233631100244608	0.002430742095194233631100244608
0.691948251053972285262716468424	0.002425477997834744620792024605	-0.002425478073805067535245738597
0.694371069068198343288145224506	0.002420146885868841146044472268	0.002420146885868841146044472268
0.696788522597836523786440920958	0.002414749053498096466319200459	-0.002414748899961086971155399539
0.699200544923120781426462144736	0.002409284501977697074553974588	0.002409284501977697074553974588
0.701607069474182276636042843165	0.002403753530511508647304896868	-0.002403753613632673112598947540
0.704008029832886461640839570464	0.002398156142684435259554431852	0.002398156142684435259554431852
0.706403359734665725611080233648	0.002392492642737039775652219120	-0.002392492480530872007299381110
0.708792993070348265050029112899	0.002386763036515284364807998330	0.002386763036515284364807998330
0.711176863887983290446470618917	0.002380967633331983971528567068	-0.002380967723879854388430166168
0.713554906394660903856674849521	0.002375106441223471913370968167	0.002375106441223471913370968167
0.715927054958327646616567108140	0.002369179774611615638818529206	-0.002369179603339664156452792909
0.718293244109598383317916159285	0.002363187643650356637575749019	0.002363187643650356637575749019
0.720653408543562523647096895729	0.002357130367908734976806206518	-0.002357130466185861864675255006
0.723007483121587357643988980271	0.002351007959583378478796156230	0.002351007959583378478796156230
0.725355402873114840645030199084	0.002344820743430016396491311070	-0.002344820562660852002190292609
0.727697102997455491646405789652	0.002338568733610779833143045181	0.002338568733610779833143045181
0.730032518865575963395997405314	0.002332252260109130784920816737	-0.002332252366447073576444237730
0.732361586021884281016980366985	0.002325871338973186080306687629	0.002325871338973186080306687629
0.734684240186006864981038688711	0.002319426305456778660690764227	-0.002319426114720992988110781496
0.737000417254563888747043165495	0.002312917177411997690650302673	0.002312917177411997690650302673
0.739310053302938308128489097726	0.002306344295407455110419325806	-0.002306344410169340868738130368
0.741613084587039672612718277378	0.002299707679014649421705973609	0.002299707679014649421705973609
0.743909447545063606810344936093	0.002293007674163182428583862560	-0.002293007472949763238256881692
0.746199078799246739990280730126	0.002286244302056725328370356820	0.002286244302056725328370356820
0.748481915157614752232007049315	0.002279417914034034386289162555	-0.002279418037617512906439776188
0.750757893615727089908773450588	0.002272528532840962112865357270	0.002272528532840962112865357270
0.753026951358415796988765578135	0.002265576515275660295783977105	-0.002265576303027998141675913857
0.755289025761519017265754882828	0.002258561885533190687763704929	0.002258561885533190687763704929
0.757544054393609167519230140897	0.002251485005923589428206144092	-0.002251485138764119670745644797
0.759791975017716891827035397000	0.002244345901995152200991689995	0.002244345901995152200991689995
0.762032725593047466361440456240	0.002237144941624616759079380302	-0.002237144717735921849166569331
0.764266244276694095560742425732	0.002229882151614306484005423314	0.002229882151614306484005423314
0.766492469425344324918114580214	0.002222557905465013736168167213	-0.002222558048039609095158919416
0.768711339596981346744541951921	0.002215172231130547488009430168	0.002215172231130547488009430168
0.770922793552579532772028869658	0.002207725507795773103869585441	-0.002207725271603913630436011317
0.773126770257795192797800609696	0.002200217764459951909350454713	0.002200217764459951909350454713
0.775323208884650560968054833211	0.002192649386054873038992552026	-0.002192649538886321056857520162
0.777512048813212675035799748002	0.002185020402515496385636994958	0.002185020402515496385636994958
0.779693229633266815525871606951	0.002177331204586435697834190250	-0.002177330955368123044380013198
0.781866691145982839472594605468	0.002169581823024794436927109587	0.002169581823024794436927109587
0.784032373365577961443761978444	0.002161772654457085052204234898	-0.002161772818118772553075412901
0.786190216520971318914234871045	0.002153903730344896953752265034	0.002153903730344896953752265034
0.788340161057433652658232858812	0.002145975453269177019022251329	-0.002145975190233344320756003754
0.790482147638231547048803804500	0.002137987855274112430209454416	0.002137987855274112430209454416
0.792616117146264786974541038944	0.002129941344971246226097649767	-0.002129941520092594204466296404
0.794742010685697497507362641045	0.002121835954860968372764906675	0.002121835954860968372764906675
0.796859769583584398588982367073	0.002113672099665436527465844918	-0.002113671821945693491545670284
0.798969335391489510200813128904	0.002105449812210184647870425678	0.002105449812210184647870425678
0.801070649887099750507957196533	0.002097169513412139047608961917	-0.002097169700684863285350401085
0.803163655075831206531233874557	0.002088831236285875608826856364	0.002088831236285875608826856364
0.805248293192430741882503753004	0.002080435408031664715894359929	-0.002080435114677704668689761647
0.807324506702568944760400881933	0.002071982061711829213590529974	0.002071982061711829213590529974
0.809392238304429190165478757990	0.002063471630903163361175911561	-0.002063471831088370313928015420
0.811451430930288708509579009842	0.002054904148568943364483452285	0.002054904148568943364483452285
0.813502027748093325953959720209	0.002046280054760670104319064677	-0.002046279744728445385004711454
0.815543972163026431587695697090	0.002037599382189918782726234525	0.002037599382189918782726234525
0.817577207819070506111813756434	0.002028862577486367519546961447	-0.002028862791422729201090691120
0.819601678600563099408304879034	0.002020069672951085252426972616	0.002020069672951085252426972616
0.821617328633744703481056603778	0.002011221121901060528841531649	-0.002011220794041486837483434513
0.823624102288302184504686920263	0.002002316956061531670607589461	0.002002316956061531670607589461
0.825621944178902333888458997535	0.001993357635551913035337756597	-0.001993357864165059677857838594
0.827610799166721866626517112309	0.001984343191349440156667771618	0.001984343191349440156667771618
0.829590612360968870930832963495	0.001975274090497478821776278224	-0.001975273743543492447477527563
0.831561329120397596526004235784	0.001966150363045736978312438836	0.001966150363045736978312438836
0.833522895054816359561300487258	0.001956972483089943880968375467	-0.001956972727403259119244305353
0.835475256026589008229166211095	0.001947740479565043597229290206	0.001947740479565043597229290206
0.837418358152128838867156446213	0.001938454833754782924079562711	-0.001938454466306326279614880015
0.839352147803385961744027099485	0.001929115573283921546143826475	0.001929115573283921546143826475
0.841276571609327117329257816891	0.001919723186767715358141961346	-0.001919723447914873943470626116
0.843191576457408831224427103734	0.001910277700316537772065594858	0.001910277700316537772065594858
0.845097109495043241622624918818	0.001900779610028990439934970524	-0.001900779220535659622820512382
0.846993118131057154407415055175	0.001891228940287650048604484176	0.001891228940287650048604484176
0.848879550037142660556810369599	0.001881626194835167272326192922	-0.001881626474074638661823644092
0.850756353149302091409822423884	0.001871971396103027382787353794	0.001871971396103027382787353794
0.852623475669284980327233824937	0.001862265055648190366713312649	-0.001862264642389081575543641200
0.854480866066016697679685876210	0.001852507193717286117576326099	0.001852507193717286117576326099
0.856328473077022089832155415934	0.001842698329862014691715721426	-0.001842698628593990913676625709
0.858166245709839126121210028941	0.001832838481899189001303462909	0.001832838481899189001303462909
0.859994133243426994717140132707	0.001822928177566622348279579136	-0.001822927738626791685158656797
0.861812085229565205679591599619	0.001812967431994420668128764618	0.001812967431994420668128764618
0.863620051494246587786562940892	0.001802956781309582876340891211	-0.001802957101095761316758570025
0.865417982139062069713020264317	0.001792896237685869236661018178	0.001792896237685869236661018178
0.867205827542577134536827543343	0.001782786345855116860725786410	-0.001782785879097991289105040735
0.868983538361702168018041447795	0.001772627114751459346392303829	0.001772627114751459346392303829
0.870751065533053592027101785789	0.001762419097940691676065783078	-0.001762419440527495653400769093
0.872508360274308447657176657231	0.001752162300819496299625344093	0.001752162300819496299625344093
0.874255374085550540641520456120	0.001741857286031219627028820973	-0.001741856789066157642706378361
0.875992058750609148276566884306	0.001731504055121654665760910774	0.001731504055121654665760910774
0.877718366338389621716942201601	0.001721103180070875180579514918	-0.001721103547416876020786924428
0.879434249204195994664701174770	0.001710654658243550849464065244	0.001710654658243550849464065244
0.881139659991046597653507888026	0.001700159071232461033967853226	-0.001700158541376397061672953726
0.882834551630980457481712164736	0.001689616411872956651743504786	0.001689616411872956651743504786
0.884518877346356591218068388116	0.001679027271664534004189106575	-0.001679027665972869553037694068
0.886192590651145084557072095777	0.001668391638545701311999169825	0.001668391638545701311999169825
0.887855645352209954523914348101	0.001657710114236138950610799370	-0.001657709548468069404164593195
0.889507995550583907551356332988	0.001646982681389222999759902599	0.001646982681389222999759902599
0.891149595642735659062338982039	0.001636209952279313577933050894	-0.001636210376036352585199518117
0.892780400321827816156883272924	0.001625391903863914171840532319	0.001625391903863914171840532319
0.894400364578967765893935393251	0.001614529159329284755883260338	-0.001614528554235905707589515679
0.896009443704449903833619828220	0.001603621689502164517765470109	0.001603621689502164517765470109
0.897607593288989424884505297086	0.001592670128862479087331061045	-0.001592670584884055056881790868
0.899194769224948009522790925985	0.001581674441645207528431282817	0.001581674441645207528431282817
0.900770927707550961294202807039	0.001570635274032309994587941482	-0.001570634625742815858664980233
0.902336025236096905821625568933	0.001559552583177779578466060073	0.001559552583177779578466060073
0.903890018615157386783209858550	0.001548427027402810712830572015	-0.001548427518889850581368383686
0.905432864955769800552332071675	0.001537258556260601713785995948	0.001537258556260601713785995948
0.906964521676620671897239844839	0.001526047840680105601232630086	-0.001526047144787503811666495857
0.908484946505221047097222708544	0.001514794822060760472182128211	0.001514794822060760472182128211
0.909994097479073005274585739244	0.001503500184441796750159370255	-0.001503500715047666322007891004
0.911491932946828176120845910191	0.001492163860479956511914667594	0.001492163860479956511914667594
0.912978411569436820727219128457	0.001480786547864266318105808118	-0.001480785799329853479402996363
0.914453492321289029831632433343	0.001469368169880688268849611156	0.001469368169880688268849611156
0.915917134491346818236934268498	0.001457909438447914764538926313	-0.001457910012360431233416346863
0.917369297684268003578722527891	0.001446410266810399048234558883	0.001446410266810399048234558883
0.918809941821520759219765750458	0.001434871381740397862369906790	-0.001434870574777031941582361441
0.920239027142489951494042088598	0.001423292685723615740370218141	0.001423292685723615740370218141
0.921656514205574484144278812892	0.001411674921057870513152465719	-0.001411675543099861346307832832
0.923062363889275649952992353064	0.001400017978702084147507589407	0.001400017978702084147507589407
0.924456537393277377745448575297	0.001388322617204280082572886990	-0.001388321745132742269721037864
0.925838996239516265340796508099	0.001376588715172969009867265378	0.001376588715172969009867265378
0.927209702273244285031239542150	0.001364817048188738312849976886	-0.001364817723942229671027503990
0.928568617664081497053985003731	0.001353007481625112225567808544	0.001353007481625112225567808544
0.929915704907060325368206576968	0.001341160808940997616056645114	-0.001341159864011947245449052346
0.931250926823660174491692487209	0.001329276881323420388125722269	0.001329276881323420388125722269
0.932574246562834163754018845793	0.001317356511025076417492618575	-0.001317357246985825791618651692
0.933885627602025980564803830930	0.001305399534021365595334862597	0.001305399534021365595334862597
0.935185033748177407808555017255	0.001293406782351060437322165519	-0.001293405755522567110102349908
0.936472429138727857633739404264	0.001281378075671659160644777486	0.001281378075671659160644777486
0.937747778242604024256934280857	0.001269314266885121760680688041	-0.001269315070656551816541401934
0.939011045861200210893571238557	0.001257215158135122946847506142	0.001257215158135122946847506142
0.940262197129349996949088108522	0.001245081624357765670910169753	-0.001245080505014894240931044855
0.941501197516288357292069122195	0.001232913448887786294488888572	0.001232913448887786294488888572
0.942728012826604899743188070715	0.001220711529970375719064690223	-0.001220712410509071496264588141
0.943942609201187554646139687975	0.001208475630726223073313496670	0.001208475630726223073313496670
0.945144953118157049587466644880	0.001196206674100073509559027940	-0.001196205449698190675933417992
0.946335011393791614153769842233	0.001183904401471189355224411521	0.001183904401471189355224411521
0.947512751183443802105443865003	0.001171569762002936786887685727	-0.001171570729932536972933698749
0.948678139982446322342468647548	0.001159202473669545879406128641	0.001159202473669545879406128641
0.949831145627008988086004137585	0.001146803513515589918042580919	-0.001146802169121965715020694532
0.950971736295106784275787958904	0.001134372574294528627017464295	0.001134372574294528627017464295
0.952099880507358276027218835225	0.001121910662755256325728847600	-0.001121911730771887622665206052
0.953215547127893803036613462609	0.001109417444444391357902257589	0.001109417444444391357902257589
0.954318705365215569358383618237	0.001096893957818267668208322974	-0.001096892475516542727470570284
0.955409324773046630951967017609	0.001084339839039407966253536486	0.001084339839039407966253536486
0.956487375251171778600678408111	0.001071756160477103491518446887	-0.001071757343879255371110748030
0.957552827046268206778734111140	0.001059142526517292551627158481	0.001059142526517292551627158481
0.958605650752726523577962325362	0.001046500045875973497130906331	-0.001046498403983120049562383080
0.959645817313462323738804116147	0.001033828288527053251497078712	0.001033828288527053251497078712
0.960673298020718435807907553681	0.001021128402225049977905535492	-0.001021129719614675317521101938
0.961688064516856622176987912098	0.001008399919621270511213562138	0.001008399919621270511213562138
0.962690088795141063471305642452	0.000995644030493333075104711583	-0.000995642202516434319387039764
0.963679343200510407640990706568	0.000982860226946844026812977191	0.000982860226946844026812977191
0.964655800430341825446589609783	0.000970049744100269853430695832	-0.000970051218323366533022311664
0.965619433535203963714366182103	0.000957212029934189929242238648	0.000957212029934189929242238648
0.966570215919601238852010283154	0.000944348368606142372916334438	-0.000944346321832287153089091625
0.967508121342707472223310105619	0.000931458159984906207753962981	0.000931458159984906207753962981
0.968433123919089866582510239823	0.000918542741401339899939837430	-0.000918544400829107406461493390
0.969345198119424322769077662088	0.000905601460157870051699557923	0.000905601460157870051699557923
0.970244318771199099060709158948	0.000892635711394566106445525033	-0.000892633404954128379694966444
0.971130461059410254875956525211	0.000879644784853780771667619565	0.000879644784853780771667619565
0.972003600527245881224303047929	0.000866630138700115264759060718	-0.000866632019003713634404395538
0.972863713076761671416647914157	0.000853590999498073056336866493	0.000853590999498073056336866493
0.973710774969545500567846829654	0.000840528894324303523649666303	-0.000840526276483041833234577389
0.974544762827373123315055636340	0.000827442980222170207382781371	0.000827442980222170207382781371
0.975365653632852769305827678181	0.000814334859851214751778891721	-0.000814337006506935336992702990
0.976173424730061078946619090857	0.000801203613542960583863983270	0.000801203613542960583863983270
0.976968053825167936921047839860	0.000788050927127946563947868963	-0.000788047931424568060508606404
0.977749518987051646767838519736	0.000774875796040384065381523282	0.000774875796040384065381523282
0.978517798647904779585360302008	0.000761679997949563395917560449	-0.000761682469850597518648549489
0.979272871603828809483616169018	0.000748462434032932618678535253	0.000748462434032932618678535253
0.980014717015419867252035146521	0.000735224983744073431676802066	-0.000735221523355679418276764636
0.980743314408343502819320747221	0.000721966443250815601180570003	0.000721966443250815601180570003
0.981458643673899677750682712940	0.000708688805257781965704633187	-0.000708691680047443929926775930
0.982160685069578320849359442946	0.000695390748506402632880818437	0.000695390748506402632880818437
0.982849419219603670505591708206	0.000682074392241567204440977346	-0.000682070351551084907808231161
0.983524827115469180149887051812	0.000668738283361446062512400967	0.000668738283361446062512400967
0.984186890116462209654457637953	0.000655384683138715258901574323	-0.000655388065303455806184795840
0.984835589950178391660529086948	0.000642011989790317039172862223	0.000642011989790317039172862223
0.985470908713026005898427683860	0.000628622624775324696441702876	-0.000628617846376061618560160404
0.986092828870720250478143498185	0.000615214817838247531901763043	0.000615214817838247531901763043
0.986701333258766632994252177014	0.000601791172054558167088533782	-0.000601795205597102839979728461
0.987296405082935368824337274418	0.000588349725273017805024511340	0.000588349725273017805024511340
0.987878027919724566174863866763	0.000574893287656677055841303314	-0.000574887551633318288554774789
0.988446185716813530142133004119	0.000561419677227911729198994717	0.000561419677227911729198994717
0.989000862793505630676804685208	0.000547931941747602626116564473	-0.000547936830772378794321419981
0.989542043841161511608106593485	0.000534427645832650350353476565	0.000534427645832650350353476565
0.990069713923620864370889194106	0.000520910111700050222106883613	-0.000520903101253990838230556459
0.990583858477615653015391217195	0.000507376609827413639457194261	0.000507376609827413639457194261
0.991084463313171237786036726902	0.000493830781833429818122871424	-0.000493836825460716591709720014
0.991571514613998283849127801659	0.000480269554152396298696975352	0.000480269554152396298696975352
0.992044998937874011879500812938	0.000466696943181899937327927752	-0.000466688184834809609291550458
0.992504903217013456639961077599	0.000453109469501182656955839967	0.000453109469501182656955839967
0.992951214758429623330471258669	0.000439511593305495242272468159	-0.000439519248035337634691183117
0.993383921244284540108537839842	0.000425899351819146009933553243	0.000425899351819146009933553243
0.993803010732228320200931648287	0.000412277736168336044874499491	-0.000412266489607689839719945057
0.994208471655729564275816301233	0.000398642201716095591519650743	0.000398642201716095591519650743
0.994600292824393883428513163381	0.000384998382123843475074304044	-0.000385008380504325310993846143
0.994978463424273540383069303061	0.000371341023741229652420370311	0.000371341023741229652420370311
0.995342973018165322329764421738	0.000357676548075296486892821202	-0.000357661588334688750143858238
0.995693811545898643800001082127	0.000343998825429845929511213365	0.000343998825429845929511213365
0.996030969324613435489368384879	0.000330315257933043709276388356	-0.000330328852950874602215081133
0.996354437049026930850459393696	0.000316618615957920583950380156	0.000316618615957920583950380156
0.996664205791691459879189096682	0.000302917543592361865334439130	-0.000302896689784708174515703849
0.996960267003239586358631640906	0.000289203404095028735604211434	0.000289203404095028735604211434
0.997242612512620807407870415773	0.000275486446865175964131278175	-0.000275505969262479955168843038
0.997511234527327261822904347355	0.000261756194841303877016841506	0.000261756194841303877016841506
0.997766125633608003120400553598	0.000248025023249853835815431635	-0.000247993990808537221205015699
0.998007278796674279774947535770	0.000234279983455661902549266307	0.000234279983455661902549266307
0.998234687360893602203759655822	0.000220536349462391659259630217	-0.000220566664949561506633979313
0.998448345049973151610345212248	0.000206777743958761270207449834	0.000206777743958761270207449834
0.998648245967133085798650427023	0.000193023539246408199236346159	-0.000192972647717996637376988711
0.998834384595269630935376881098	0.000179252404947717689648323258	0.000179252404947717689648323258
0.999006755797106738015145310783	0.000165489779122844312461010352	-0.000165542916014751919761421872
0.999165354815338524474555015331	0.000151706793167437017531493093	0.000151706793167437017531493093
0.999310177272760169486787162896	0.000137938418000966271257864970	-0.000137840546213547260378032289
0.999441219172388706226684007561	0.000124143483661226229587334902	0.000124143483661226229587334902
0.999558476897573378039396629902	0.000110373226105434893732845647	-0.000110488251229759953464873434
0.999661947212095891579508588620	0.000096564326582388105213103358	0.000096564326582388105213103358
0.999751627260258901586098545522	0.000082799311801662307070889812	-0.000082543469694182472528101724
0.999827514566965502851303426723	0.000068968525356291246865628186	0.000068968525356291246865628186
0.999889607037787175869425482233	0.000055227570629894476609503956	-0.000055618837890602266865128916
0.999937902959022295590330031700	0.000041340821836161733150282610	0.000041340821836161733150282610
0.999972400997741872608060020866	0.000027713139661458322356634917	-0.000026178239502939469515166090
0.999993100201828299944395439525	0.000013473022893184419761626949	0.000013473022893184419761626949
1.000000000000000000000000000000	0.000001398198560974076326177910	-0.000004194580043292165553254960
