0.000000000000000000000000000000	0.000001026266258623231829937125	-0.000003078790350107463071743785
0.000005064402047116889349354096	0.000009889109116312009176521548	0.000009889109116312009176521548
0.000020257505595810965104419665	0.000020341330032671077156962783	-0.000019214722625302579054771754
0.000045579002870110851830531828	0.000030344181908941278869463326	0.000030344181908941278869463326
0.000081028380917058662191720941	0.000040537405455822984000607140	-0.000040824601304091853173298260
0.000126604921617090582230957807	0.000050623918897721639222845452	0.000050623918897721639222845452
0.000182307701698414259539049453	0.000060776735700363364279467243	-0.000060588944331868713818068511
0.000248135592756049128126960568	0.000070881726785909261322367325	0.000070881726785909261322367325
0.000324087261274252913523241659	0.000081019445141133892055416987	-0.000081103882378428271437455221
0.000410161168653944141482270425	0.000091129399289615763048860719	0.000091129399289615763048860719
0.000506355571243621849220062359	0.000101258130725686066155380449	-0.000101186287833393204465409765
0.000612668520374781699899813248	0.000111368115054969696819074654	0.000111368115054969696819074654
0.000729097862401328900006092226	0.000121489636683169905436580072	-0.000121528648709223443180257873
0.000855641238743320986515072946	0.000131597109540323813341861081	0.000131597109540323813341861081
0.000992296085934540883499721531	0.000141711788857478104787165907	-0.000141674428932643932605231485
0.001139059635674732895438410196	0.000151815085515168347223349810	0.000151815085515168347223349810
0.001295928914885335903051100104	0.000161922721651688302857766133	-0.000161944983062367397303946137
0.001462900745769990518141412394	0.000172020560262763967142307653	0.000172020560262763967142307653
0.001639971745878709974419962236	0.000182120687864304115540642348	-0.000182097904266839401375005503
0.001827138328176602932728656015	0.000192211975454820778886483312	0.000192211975454820778886483312
0.002024396701116426555699945311	0.000202303992802146758280337768	-0.000202318332240231118666559662
0.002231742868715302918758425221	0.000212387738456302967594152564	0.000212387738456302967594152564
0.002449172630635709779767239525	0.000222470967927103352576242989	-0.000222455655310573881906430205
0.002676681582270912240772986479	0.000232546239964005974293695389	0.000232546239964005974293695389
0.002914265114833614056522037572	0.000242619959138599153259871488	-0.000242629947981069007392415648
0.003161918415449604946587669474	0.000252685862332236701923576794	0.000252685862332236701923576794
0.003419636467255515732688309072	0.000262749321132799606905855461	-0.000262738334670657009122657355
0.003687414049500015167382116488	0.000272804983843155570560901069	0.000272804983843155570560901069
0.003965245737649614188313762497	0.000282857414522833720913613798	-0.000282864763510809935544848548
0.004253125903498966575710937832	0.000292901981062537394590733486	0.000292901981062537394590733486
0.004551048715284444767803506693	0.000302942604308330807379862071	-0.000302934343250758095298508232
0.004859008137802434124097317181	0.000312975230229820889412545304	0.000312975230229820889412545304
0.005176997932531568480385431030	0.000323003259045305751804427752	-0.000323008887860681793372658044
0.005505011657759295573555391456	0.000333023108133367168846861173	0.000333023108133367168846861173
0.005843042668711939668924060243	0.000343037750398427941037754474	-0.000343031315630376967048403847
0.006191084117689871213485730550	0.000353043992698147521182988617	0.000353043992698147521182988617
0.006549128954205729602477958906	0.000363044452911262559898636360	-0.000363048899240433293935520487
0.006917169925127475416104516626	0.000373036263406144482073639734	0.000373036263406144482073639734
0.007295199574825383947995760536	0.000383021743905493348720386892	-0.000383016592042237358477912990
0.007683210245322813491952729237	0.000392998301615963359281064049	0.000392998301615963359281064049
0.008081194076451747587697127528	0.000402968003458946855306621604	-0.000402971602372514080270260450
0.008489143006011612424543955058	0.000412928490819781533922860906	0.000412928490819781533922860906
0.008907048769932868204080023133	0.000422881614433162991446152335	-0.000422877397943147127160751220
0.009334902902444208727672503301	0.000432825216860266957525499310	0.000432825216860266957525499310
0.009772696736244312898378439058	0.000442760962532880327207490678	-0.000442763933586704406131923095
0.010220421402677259958835520592	0.000452686868121231905659485051	0.000452686868121231905659485051
0.010678067831912219087797666361	0.000462604436386524495508631993	-0.000462600922739251946454175357
0.011145626753126969266105561474	0.000472511835700691485567803696	0.000472511835700691485567803696
0.011623088694696193101663084235	0.000482410427640800332227399849	-0.000482412920650351732809735239
0.012110443984382934790033914396	0.000492298513571836054286690043	0.000492298513571836054286690043
0.012607682749534721011741567054	0.000502177331064882349724587396	-0.000502174358841013849207024489
0.013114794917283401076701920829	0.000512045298735562797592946183	0.000512045298735562797592946183
0.013631770214749427960754246669	0.000521903544661235486122607963	-0.000521905665328151430019942847
0.014158598169249692055871037155	0.000531750591366965592345084080	0.000531750591366965592345084080
0.014695268108510128879373723976	0.000541587469781059055277949721	-0.000541584923441795914288154901
0.015241769160881102340709958298	0.000551412794957439325246872919	0.000551412794957439325246872919
0.015798090255558672190261404467	0.000561227511242987043768581934	-0.000561229336264536509543132681
0.016364220122807859869595858981	0.000571030316453497344304779393	0.000571030316453497344304779393
0.016940147294191798543749882811	0.000580822077454066858746839497	-0.000580819872133645138424784538
0.017525860102803436646468071558	0.000590601566393116712491706544	0.000590601566393116712491706544
0.018121346683502070895599445066	0.000600369580532344538151279245	-0.000600371166903351533711274968
0.018726594973154098155987412611	0.000610124959040160845698264058	0.000610124959040160845698264058
0.019341592710876653882223763503	0.000619868436430563978650765122	-0.000619866508397739221850053504
0.019966327438286579631920858446	0.000629598912517265077264105866	0.000629598912517265077264105866
0.020600786499752499203452771326	0.000639317065060620117779299765	-0.000639318456013646487824664266
0.021244957042651391176946162886	0.000649021848937477775255688872	0.000649021848937477775255688872
0.021898826017628769680101186168	0.000658713890418512909054327142	-0.000658712190887145057453799790
0.022562380178863139512657198793	0.000668392194534878840254943366	0.000668392194534878840254943366
0.023235606084334226029142200787	0.000678057340709588719090961106	-0.000678058569629460617181337945
0.023918490096095590402569541766	0.000687708379794296689041521731	0.000687708379794296689041521731
0.024611018380550298001452347307	0.000697345848473923972041244035	-0.000697344339467274951932518334
0.025313176908731749303882452296	0.000706968839580266188334090049	0.000706968839580266188334090049
0.026024951456587674947229515965	0.000716577850711734598045110634	-0.000716578943786544083661971261
0.026746327605268016558426324991	0.000726172013265295518066877456	0.000726172013265295518066877456
0.027477290741417637054411216013	0.000735751789008737559945327877	-0.000735750440524486431191630853
0.028217826057471362410922210984	0.000745316344857494222746197021	0.000745316344857494222746197021
0.028967918551955240680229053396	0.000754866109661346605490261918	-0.000754867087721222533060194682
0.029727553029789299809948488473	0.000764400283127626201974680331	0.000764400283127626201974680331
0.030496714102595912088133900397	0.000773919263801708424976855127	-0.000773918051824372442773491976
0.031275386189011489257438825007	0.000783422281735591434850829451	0.000783422281735591434850829451
0.032063553515001841365261725514	0.000792909707522475564606123655	-0.000792910587342247072731304947
0.032861200114182254061745425133	0.000802380799356406152443577096	0.000802380799356406152443577096
0.033668309828140396966489333863	0.000811835902001301567242064205	-0.000811834807080697297247684485
0.034484866306763894971965100922	0.000821274299805627139813013482	0.000821274299805627139813013482
0.035310853008571507771762298944	0.000830696313625043595424424225	-0.000830697108864597057176215600
0.036146253201048361702873989998	0.000840101252164304518506299235	0.000840101252164304518506299235
0.036991049960984567768207398331	0.000849489414113588836227619616	-0.000849488420329828040900022046
0.037845226174818558106949240027	0.000858860130903413353069264513	0.000858860130903413353069264513
0.038708764538982920466736459275	0.000868213680643341659259881737	-0.000868214402538002461701127643
0.039581647560256172369008709211	0.000877549416007796932899520659	0.000877549416007796932899520659
0.040463857556115978564292845476	0.000886867595970324690268782319	-0.000886866690168101315036586207
0.041355376655097697558005620522	0.000896167593099608719015014557	0.000896167593099608719015014557
0.042256186797156980450296259733	0.000905449648552853142771668082	-0.000905450306428008753339975456
0.043166269734034812266543212900	0.000914713153561267484047137000	0.000914713153561267484047137000
0.044085607029627715824915412668	0.000923958332673798237062723349	-0.000923957503887630070445180497
0.045014180060360842183797558391	0.000933184594657895613058207207	0.000933184594657895613058207207
0.045951970015565613003616363130	0.000942392148562417805712776442	-0.000942392750222424560938017102
0.046898957897860582555438213603	0.000951580419659259538721352012	0.000951580419659259538721352012
0.047855124523536185510153018186	0.000960749602515711801677122939	-0.000960748841532813578104887942
0.048820450522943592552849167987	0.000969899137961203528825182563	0.000969899137961203528825182563
0.049794916340887118710867298432	0.000979029207019317020480042579	-0.000979029759045120994906397094
0.050778502237019795817474232535	0.000988139265206558177825901801	0.000988139265206558177825901801
0.051771188286243940979147737380	0.000997229480867929110252112501	-0.000997228779891766578188927461
0.052772954379114667133876537264	0.001006299323405531517122701857	0.001006299323405531517122701857
0.053783780222246668767382971055	0.001015348949285217391991231750	-0.001015349457264735650446896287
0.054803645338726503233317544073	0.001024377841055567131545167570	0.001024377841055567131545167570
0.055832529068525815763024411353	0.001033386144043234658451702046	-0.001033385496431686936813498789
0.056870410568921447858059536884	0.001042373353260662126318347731	0.001042373353260662126318347731
0.057917268814916433861128552962	0.001051339603581308507554425979	-0.001051340072289645407102587349
0.058973082599666715175601439114	0.001060284401850142667680931829	0.001060284401850142667680931829
0.060037830534910241464530145095	0.001069207873124400657791066571	-0.001069207273183937030244794464
0.061111491051400512741764714519	0.001078109535496888423539152413	0.001078109535496888423539152413
0.062194042399343563154445746477	0.001086989504800936088765861420	-0.001086989938342733602941181381
0.063285462648838164412268270098	0.001095847309834979991724490667	0.001095847309834979991724490667
0.064385729690320747664600276039	0.001104683057760059506149930009	-0.001104682500582447298234645139
0.065494821235012490312499267020	0.001113496287576795770388193851	0.001113496287576795770388193851
0.066612714815371565357793315343	0.001122287098288352741315421213	-0.001122287500211231400792932789
0.067739387785547611198211370720	0.001131055038629512950881794708	0.001131055038629512950881794708
0.068874817321841474981880537598	0.001139800199925955189253490296	-0.001139799681257553992316799985
0.070018980423166010673696746380	0.001148522140211036051890558518	0.001148522140211036051890558518
0.071171853911513816015599331877	0.001157220943582120895043452435	-0.001157221316967842108386355093
0.072333414432425024997996843013	0.001165896176965301603636882000	0.001165896176965301603636882000
0.073503638455462094736247991023	0.001174547917650178895446200222	-0.001174547433786514915796117542
0.074682502274685258480957372740	0.001183175741077009072294012881	0.001183175741077009072294012881
0.075869982009132808098428313315	0.001191779718121871878971917980	-0.001191780065660155620704818702
0.077066053603305928465516672077	0.001200359432385725549224941844	0.001200359432385725549224941844
0.078270692827654753109811736067	0.001208914948701115881987688816	-0.001208914496401187902221985304
0.079483875279069859942637776840	0.001217445858499350977779962513	0.001217445858499350977779962513
0.080705576381376487038465938895	0.001225952220917105560393789432	-0.001225952544965853898556451540
0.081935771385832412150307391130	0.001234433634906978178441550043	0.001234433634906978178441550043
0.083174435371629162894180353760	0.001242890154236811007040786059	-0.001242889730652971995786271187
0.084421543246397168225314544543	0.001251321385091093895888803011	0.001251321385091093895888803011
0.085677069746713518938463494123	0.001259727376176816458427931700	-0.001259727678811545801065840955
0.086940989438614668660676443324	0.001268107740639129541598828510	0.001268107740639129541598828510
0.088213276718110411600548559363	0.001276462522414524526290224848	-0.001276462125034706672835338459
0.089493905811703411412594277863	0.001284791341354375292932443742	0.001284791341354375292932443742
0.090782850776911727663787132769	0.001293094236898685621753313235	-0.001293094519953379021096062651
0.092080085502792841101182830243	0.001301370835366195098659058971	0.001301370835366195098659058971
0.093385583710474173724236379712	0.001309621171959265148801443424	-0.001309620798559108434053199765
0.094699318953684497035538925047	0.001317844879239582706401123779	0.001317844879239582706401123779
0.096021264619289947717106770142	0.001326041988416641528164552355	-0.001326042253517708061072433168
0.097351393927833262953441817444	0.001334212138084041147922942372	0.001334212138084041147922942372
0.098689679934076013356758494410	0.001342355355690098622431505326	-0.001342355004293058684181061402
0.100036095527544666161645636748	0.001350471285661757493007373299	0.001350471285661757493007373299
0.101390613433079646021894859587	0.001358559951905646606337696447	-0.001358560200500289307304346842
0.102753206211387893009856497883	0.001366621004495062680419992240	0.001366621004495062680419992240
0.104123846259598862307171884822	0.001374654464003107314298834929	-0.001374654132847006075476836706
0.105502505811823521497672118130	0.001382659985973214806717623837	0.001382659985973214806717623837
0.106889156939716734040501933123	0.001390637587842516106895196515	-0.001390637821222580512714461776
0.108283771553043250968073607510	0.001398586930458431930313079050	0.001398586930458431930313079050
0.109686321400246700186187354120	0.001406508028309787564080757249	-0.001406507715818671247487436915
0.111096778069022017465528051616	0.001414400547391209085265617595	0.001414400547391209085265617595
0.112515112986890208901513688033	0.001422264499421649992447203026	-0.001422264718743747801896204486
0.113941297421778553466964467589	0.001430099555394901940721941180	0.001430099555394901940721941180
0.115375302482601527209737923840	0.001437905724429838988723262538	-0.001437905429190131307085054324
0.116817099119846390387067458505	0.001445682682379560626134695767	0.001445682682379560626134695767
0.118266658126161772202067368198	0.001453430435924556564722398555	-0.001453430642227137052288621355
0.119723950136949364164706821612	0.001461148665645019576950214280	0.001461148665645019576950214280
0.121188945630958555543799093357	0.001468837375937156368779779037	-0.001468837096677406061848158991
0.122661614930884621532669598309	0.001476496251983198514795558864	0.001476496251983198514795558864
0.124141928203969853505839182617	0.001484125296042070399349377396	-0.001484125490259956096916749146
0.125629855462608019944781290178	0.001491724197779677229050432352	0.001491724197779677229050432352
0.127125366564951658432391923270	0.001499292957457968970824691013	-0.001499292693031565888023282085
0.128628431215522753827684709904	0.001506831269114466314087974474	0.001506831269114466314087974474
0.130139018965826913643013540423	0.001514339131148159786274809413	-0.001514339314125000496638606684
0.131657099214968820177773523028	0.001521816241861977982152698274	0.001521816241861977982152698274
0.133182641210273788878737377672	0.001529262597920104469612079257	-0.001529262347290432071805765801
0.134715614047910103856509067555	0.001536677901790233597908996721	0.001536677901790233597908996721
0.136255986673514128959538993513	0.001544062148524288696424533462	-0.001544062321023231343711246133
0.137803727882821358541320933000	0.001551415044659263916052016619	0.001551415044659263916052016619
0.139358806322296135959959428874	0.001558736583752151237322602917	-0.001558736345979862400121240817
0.140921190489769143638909554284	0.001566026476318672531681808202	0.001566026476318672531681808202
0.142490848735074115971599439945	0.001573284714533273792244627565	-0.001573284877246181609825037562
0.144067749260689104140453764558	0.001580511012804408296772429310	0.001580511012804408296772429310
0.145651860122381238138444814467	0.001587705362031720593418704368	-0.001587705136263699128018611617
0.147243149229853376169785406091	0.001594867480434716561915609034	0.001594867480434716561915609034
0.148841584347394195741998146332	0.001601997357741568759822992085	-0.001601997511296978466896478999
0.150447133094531393382453643426	0.001609094715905226742613809421	0.001609094715905226742613809421
0.152059762946687437867865355656	0.001616159543581566736258903205	-0.001616159329041379037750214565
0.153679441235838820656312009305	0.001623191566383219361369150135	0.001623191566383219361369150135
0.155306135151177193698401879374	0.001630190771989002132200119455	-0.001630190916959052853038580899
0.156939811739774504051325720866	0.001637156889601057169897346810	0.001637156889601057169897346810
0.158580437907251015072773725478	0.001644089906012670757040616820	-0.001644089701992296377597302381
0.160227980418443882726364790869	0.001650989553948731779209335713	0.001650989553948731779209335713
0.161882405898083059359038315961	0.001657855819405000628169455368	-0.001657855956311439071110269694
0.163543680831465199077001670958	0.001664688438565559407827931793	0.001664688438565559407827931793
0.165211771565133558326010643214	0.001671487396713309267828884153	-0.001671487202565852042343563788
0.166886644307559783850791745863	0.001678252433431007099862153353	0.001678252433431007099862153353
0.168568265129827699055908851733	0.001684983533370199926607058138	-0.001684983662689642234036591084
0.170256599966322030859089409205	0.001691680439454649629779647846	0.001691680439454649629779647846
0.171951614615416914499945733041	0.001698343135783041656095004868	-0.001698342950916431354918545438
0.173653274740169838441516958483	0.001704971368565211123705105400	0.001704971368565211123705105400
0.175361545869016643983684389241	0.001711565121422615846913384274	-0.001711565243591170633330467155
0.177076393396470133101416877253	0.001718124143798749944161974312	0.001718124143798749944161974312
0.178797782583820841217914221488	0.001724648418910789370028791012	-0.001724648242782218440782848745
0.180525678559841584736034292291	0.001731137699385913546190618462	0.001731137699385913546190618462
0.182260046321492008569720155720	0.001737591968107363941259402296	-0.001737592083524659887505681155
0.184000850734630183591633567630	0.001744010980838312527621547510	0.001744010980838312527621547510
0.185748056534721928123587986192	0.001750394720195962714251458614	-0.001750394552306990892179272556
0.187501628327556679742826872825	0.001756742945033952073979888198	0.001756742945033952073979888198
0.189261530589964643844780312065	0.001763055637769012865684326030	-0.001763055746801769647219559900
0.191027727670534663850787637784	0.001769332560301759612458871729	0.001769332560301759612458871729
0.192800183790338863776270272865	0.001775573694911809644395028762	-0.001775573534804048827714928471
0.194578863043655347908611474850	0.001781778806505198266621481373	0.001781778806505198266621481373
0.196363729398696784667066594920	0.001787947877285640200378802334	-0.001787947980270818745113237114
0.198154746698339878641093037004	0.001794080675124900626019042171	0.001794080675124900626019042171
0.199951878660857895741997936057	0.001800177182209999069209538369	-0.001800177029461310805255602752
0.201755088880655686356391242953	0.001806237169340429299380090811	0.001806237169340429299380090811
0.203564340829007150990292984716	0.001812260618743787325343741479	-0.001812260715991370575370100759
0.205379597854795203915045931353	0.001818247304111002705245825339	0.001818247304111002705245825339
0.207200823185254179303882438035	0.001824197207765657600953002060	-0.001824197061986768640673428621
0.209027979926715068437204081420	0.001830110106255345477771490081	0.001830110106255345477771490081
0.210861031065352144686642077431	0.001835985982053326076926524912	-0.001835986073848788367388062959
0.212699939467934362458123587203	0.001841824614530548562263412293	0.001841824614530548562263412293
0.214544667882574979778098622774	0.001847625986361942519026202447	-0.001847625847193438974880308479
0.216395178939489285507846716428	0.001853389879709939434132559555	0.001853389879709939434132559555
0.218251435151748607310651095759	0.001859116277501499927757300235	-0.001859116364108012687747506497
0.220113398916042535269355084893	0.001864804964660002123064130863	0.001864804964660002123064130863
0.221981032513438536479810636592	0.001870455924413280332507802939	-0.001870455791522934035908676265
0.223854298110146565647937677568	0.001876068944416338585626236046	0.001876068944416338585626236046
0.225733157758286506755496247933	0.001881644008245252595867835765	-0.001881644089905625070319183934
0.227617573396655725748161103184	0.001887180906258579485973436718	0.001887180906258579485973436718
0.229507506851500509004182504214	0.001892679622426574016433309389	-0.001892679495506967247628327122
0.231402919837289389182188870109	0.001898139949784373404703674559	0.001898139949784373404703674559
0.233303773957488747026189912503	0.001903561872741018137777935237	-0.001903561949679443386640453895
0.235210030705340689127780251511	0.001908945186982334346267875524	0.001908945186982334346267875524
0.237121651464642813067484894418	0.001914289877399443472183460102	-0.001914289756165823974676243324
0.239038597510530581580212583503	0.001919595742304006091849544191	0.001919595742304006091849544191
0.240960830010262694322875631769	0.001924862767111248061657757802	-0.001924862839534882859304776304
0.242888310024005737997043752330	0.001930090752734783332913992560	0.001930090752734783332913992560
0.244820998505624776164779632381	0.001935279685154803587868177495	-0.001935279569343190250382824580
0.246758856303474438664835588497	0.001940429367863879357367085099	0.001940429367863879357367085099
0.248701844161189900006547759403	0.001945539787446879222490569994	-0.001945539855547223596562989023
0.250649922718485240746844056048	0.001950610749953209316701063791	0.001950610749953209316701063791
0.252603052511947478997456073557	0.001955642242611019872983169066	-0.001955642131976468873350016864
0.254561193975839206160571848159	0.001960634074005275593460817518	0.001960634074005275593460817518
0.256524307442897558928507351084	0.001965586232044939755947421389	-0.001965586295999091626107713182
0.258492353145139186487710958318	0.001970498527830027730295414656	0.001970498527830027730295414656
0.260465291214665328745070382865	0.001975370949986836321965455454	-0.001975370844301926713526551538
0.262443081684469559089478707392	0.001980203312110666562934069290	0.001980203312110666562934069290
0.264425684489247525554844742146	0.001984995603580681344108027631	-0.001984995663552474500640476762
0.266413059466208301806489089358	0.001989747640468416192693901223	0.001989747640468416192693901223
0.268405166355888402662799308018	0.001994459412940473123920792631	-0.001994459311993910383131733965
0.270401964802966965351060935063	0.001999130739526243198678212565	0.001999130739526243198678212565
0.272403414357083373253942681913	0.002003761611213423360355889713	-0.002003761667354429266973969703
0.274409474473656600501669799996	0.002008351848971505742430521124	0.002008351848971505742430521124
0.276420104514707332121759009169	0.002012901444642100148851859842	-0.002012901348237469342783434456
0.278435263749679196010333726008	0.002017410221617610844441204065	0.002017410221617610844441204065
0.280454911356266656241587043041	0.002021878172625503691794968120	-0.002021878225075944383870574228
0.282479006421239575708170832513	0.002026305123464512865372189054	0.002026305123464512865372189054
0.284507507941273107832103050896	0.002030691067779072551957586512	-0.002030690975733709900674650584
0.286540374823778587476397206046	0.002035035833758193270920378026	0.002035035833758193270920378026
0.288577565887734532878994286875	0.002039339415993632158297099721	-0.002039339464883208573320327872
0.290619039864523198701817818801	0.002043601645049093924744187944	0.002043601645049093924744187944
0.292664755398764353522267356311	0.002047822516493238726581482823	-0.002047822428637210718377348329
0.294714671049154386395230176277	0.002052001863249413270151588762	0.002052001863249413270151588762
0.296768745289304969325883121201	0.002056139681892002295249266552	-0.002056139727340638469199607385
0.298826936508585383478475705488	0.002060235807689362111383424292	0.002060235807689362111383424292
0.300889203012963846184391059069	0.002064290238249748797583205118	-0.002064290154424932785537372126
0.302955503025853889464968915490	0.002068302811172308738191238930	0.002068302811172308738191238930
0.305025794688959295264396587299	0.002072273525126628723053157088	-0.002072273567245124046426463238
0.307100036063122805440883666961	0.002076202220028855460753902662	0.002076202220028855460753902662
0.309178185129175386869349040353	0.002080088895636666296296013456	-0.002080088815695936045602199016
0.311260199788787272900947300514	0.002083933394169797982675707004	0.002083933394169797982675707004
0.313346037865321447313249336730	0.002087735716500154197622363128	-0.002087735755390803579073510932
0.315435657104687350305027848663	0.002091495707137974550959835796	0.002091495707137974550959835796
0.317529015176197304537453192097	0.002095213368094947167796782139	-0.002095213291901376617687446924
0.319626069673423440775650306023	0.002098888546159072537172773920	0.002098888546159072537172773920
0.321726778115057621132422127630	0.002102521244506718681860357734	-0.002102521280263864190268607857
0.323831097945771251289670544793	0.002106111312191233288920733102	0.002106111312191233288920733102
0.325938986537077701743925217670	0.002109658753578012857499146548	-0.002109658681004229936750693497
0.328050401188195617230292100430	0.002113163419973630025028299428	0.002113163419973630025028299428
0.330165299126914724148207369581	0.002116625316956261600859212635	-0.002116625349666768646922365704
0.332283637510460749808771652170	0.002120044298073854409369953800	0.002120044298073854409369953800
0.334405373426364782574182754615	0.002123420370140615635184966337	-0.002123420301068157812346415270
0.336530463893332298930261003989	0.002126753388934264459020351268	0.002126753388934264459020351268
0.338658865862112801181638133130	0.002130043362527717348137157316	-0.002130043392271436988177901739
0.340790536216373451949834816332	0.002133290148917121181737499569	0.002133290148917121181737499569
0.342925431773571265381406192319	0.002136493757456296195551548323	-0.002136493691775053632708747386
0.345063509285828740047463725205	0.002139654048348663996359508843	0.002139654048348663996359508843
0.347204725440808992242835984143	0.002142771032250656050577308775	-0.002142771059100821370857481440
0.349349036862594553021210685984	0.002145844571562033863132423761	0.002145844571562033863132423761
0.351496400112564333362286106421	0.002148874678263033247832547445	-0.002148874615870724046756690129
0.353646771690275363297928379325	0.002151861216939038052436972137	0.002151861216939038052436972137
0.355800108034342643659186933291	0.002154804200914816648959604350	-0.002154804224938410527057097710
0.357956365523321995425476416131	0.002157703496950802955767212410	0.002157703496950802955767212410
0.360115500476594352363690632046	0.002160559119736605009770569197	-0.002160559060538326785899654325
0.362277469155249609578106628760	0.002163370938197297158045451226	0.002163370938197297158045451226
0.364442227762973636195908966329	0.002166138968407162364304685553	-0.002166138989665241862403455286
0.366609732446934399874294285837	0.002168863081445663188590033954	0.002168863081445663188590033954
0.368779939298671532998952216076	0.002171543294791184689623841919	-0.002171543238698978289108465489
0.370952804354984622126067961290	0.002174179481667450758441972880	0.002174179481667450758441972880
0.373128283598825050138003689426	0.002176771660975948541327795738	-0.002176771679523943278655728761
0.375306332960186617153652832712	0.002179319708074670819408780176	0.002179319708074670819408780176
0.377486908316998437395994869803	0.002181823643306796556978754964	-0.002181823590239264417517395245
0.379669965496019667927640739435	0.002184283344154687358379396400	0.002184283344154687358379396400
0.381855460273733071652202397672	0.002186698832421442046519688418	-0.002186698848309418744678689350
0.384043348377242022007038713127	0.002189069987703997233891017871	0.002189069987703997233891017871
0.386233585485166230899523043263	0.002191396833283176370094080809	-0.002191396783165151188749186772
0.388426127228540862823535917414	0.002193679250860790502092312337	0.002193679250860790502092312337
0.390620929191713983641420782078	0.002195917265212858106304683048	-0.002195917278485758246386883030
0.392817946913247673101921009220	0.002198110760136408325937651398	0.002198110760136408325937651398
0.395017135886817527534731198102	0.002200259761919758170339855852	-0.002200259714681953356757437845
0.397218451562115326680668658810	0.002202364156445571399117744349	0.002202364156445571399117744349
0.399421849345750201720761651814	0.002204423971531235294796235991	-0.002204423982229079814754157951
0.401627284602153300507865196778	0.002206439095135521132051703574	0.002206439095135521132051703574
0.403834712654481564619857181242	0.002208409556621275700305506717	-0.002208409512200027770278953909
0.406044088785522006013195550622	0.002210335246013895790784253848	0.002210335246013895790784253848
0.408255368238599036789793217395	0.002212216194237801112493224664	-0.002212216202395893369786472604
0.410468506218479411984390026191	0.002214052293375537612540870924	0.002214052293375537612540870924
0.412683457892281502221720757007	0.002215843575928858749657379690	-0.002215843534265864514520849582
0.414900178390381901838424028028	0.002217589936028032705783719081	0.002217589936028032705783719081
0.417118622807325534207478767712	0.002219291407767602208184198886	-0.002219291413416682370168819816
0.419338746202734258261557442893	0.002220947887316135523072535563	0.002220947887316135523072535563
0.421560503602218528129697006079	0.002222559410376134369363709808	-0.002222559371418212411514181426
0.423783849998287442950584136270	0.002224125875145004180982732933	0.002224125875145004180982732933
0.426008740351260462020377417502	0.002225647318948095667451303470	-0.002225647322114476019810913598
0.428235129590181062830822611431	0.002227123642002232749292911507	0.002227123642002232749292911507
0.430462972613727901105562523298	0.002228554883270170323961156811	-0.002228554846969067575190859287
0.432692224291130245195091674759	0.002229940944978717805996515366	0.002229940944978717805996515366
0.434922839463080801447603107590	0.002231281867742352254674331746	-0.002231281868448061183468622559
0.437154772942651759226606600350	0.002232577555788354921328942027	0.002232577555788354921328942027
0.439387979516208782015951328503	0.002233828051396994501809345479	-0.002233828017709178943850378829
0.441622413944328329193922400009	0.002235033260786526906893634248	0.002235033260786526906893634248
0.443858030962713090428195528148	0.002236193227916774897701124303	-0.002236193226179659238050945191
0.446094785283109751539143417176	0.002237307860987418958037542538	0.002237307860987418958037542538
0.448332631594225483606663829050	0.002238377205651368492128616694	-0.002238377174537898185030515563
0.450571524562646263944998281659	0.002239401172080129464453390753	0.002239401172080129464453390753
0.452811418833755974233667984663	0.002240379807633007154532567284	-0.002240379803466798977473750654
0.455052269032653722291570375091	0.002241313024443636770649534995	0.002241313024443636770649534995
0.457294029765074661053603222172	0.002242200871590785404841028594	-0.002242200843017135014623164579
0.459536655618307698922819781728	0.002243043263160507828218870330	0.002243043263160507828218870330
0.461780101162117317947775063658	0.002243840249963848648695474708	-0.002243840243378262405693490678
0.464024320949662449908856842740	0.002244591748029467568464889737	0.002244591748029467568464889737
0.466269269518418350006783157369	0.002245297809913311161411630934	-0.002245297783849267876654653975
0.468514901391096028060445632946	0.002245958353576760907488463204	0.002245958353576760907488463204
0.470761171076565343440734068281	0.002246573433333061680511333336	-0.002246573424333833234739499218
0.473008033070774769335287146532	0.002247142969066324730970096724	0.002247142969066324730970096724
0.475255441857674321148863327835	0.002247667016859291808095200338	-0.002247666993278834776659458328
0.477503351910137763258745735584	0.002248145498508737332582496649	0.002248145498508737332582496649
0.479751717690883594524819955041	0.002248578471878897710317657399	-0.002248578460467824235297085167
0.482000493653398975890667088606	0.002248965860669020332823775377	0.002248965860669020332823775377
0.484249634242861437538607560782	0.002249307724536656234726184067	-0.002249307703417888909536159758
0.486499093897062417912735554637	0.002249603989073222821970521323	0.002249603989073222821970521323
0.488748827047329248429718973057	0.002249854715741207971529957987	-0.002249854701916170502534741971
0.490998788119449636191404806596	0.002250059832013785558746388205	0.002250059832013785558746388205
0.493248931534593371139862938435	0.002250219401169829477882267099	-0.002250219382494872931432805530
0.495499211710236808769991512236	0.002250333352553745506346993821	0.002250333352553745506346993821
0.497749583061086242619097674833	0.002250401751272055380498349209	-0.002250401735027031824981635921
0.500000000000000000000000000000	0.002250424528529729097797718040	0.002250424528529729097797718040
0.502250416938913923914356018940	0.002250401751272055814179218203	-0.002250401735027031391300766927
0.504500788289763080207706025249	0.002250333352553745072666124827	0.002250333352553745072666124827
0.506751068465406850904741986596	0.002250219401169829477882267099	-0.002250219382494872931432805530
0.509001211880550474830897655920	0.002250059832013785125065519210	0.002250059832013785125065519210
0.511251172952670862592583489459	0.002249854715741207971529957987	-0.002249854701916170502534741971
0.513500906102937637598415676621	0.002249603989073222821970521323	0.002249603989073222821970521323
0.515750365757138506950241207960	0.002249307724536656234726184067	-0.002249307703417888909536159758
0.517999506346601190642786605167	0.002248965860669019031781168394	0.002248965860669019031781168394
0.520248282309116460986331276217	0.002248578471878897276636788405	-0.002248578460467824668977954161
0.522496648089862403274707958190	0.002248145498508736898901627654	0.002248145498508736898901627654
0.524744558142325567828834209649	0.002247667016859292675456938326	-0.002247666993278834776659458328
0.526991966929225452709317778499	0.002247142969066324730970096724	0.002247142969066324730970096724
0.529238828923434767581568394235	0.002246573433333062114192202330	-0.002246573424333832801058630224
0.531485098608904027450705598312	0.002245958353576760907488463204	0.002245958353576760907488463204
0.533730730481581705504368073889	0.002245297809913311595092499928	-0.002245297783849268310335522969
0.535975679050337494579991926003	0.002244591748029467568464889737	0.002244591748029467568464889737
0.538219898837882682052224936342	0.002243840249963848648695474708	-0.002243840243378263273055228666
0.540463344381692412099482680787	0.002243043263160508261899739324	0.002243043263160508261899739324
0.542705970234925505479850471602	0.002242200871590785404841028594	-0.002242200843017135014623164579
0.544947730967346166686127162393	0.002241313024443636770649534995	0.002241313024443636770649534995
0.547188581166244247810936940368	0.002240379807633006287170829296	-0.002240379803466797242750274677
0.549428475437353736055001718341	0.002239401172080129898134259747	0.002239401172080129898134259747
0.551667368405774793949092327239	0.002238377205651369793171223677	-0.002238377174537896883987908581
0.553905214716890248460856582824	0.002237307860987419391718411532	0.002237307860987419391718411532
0.556141969037286854060653240595	0.002236193227916774464020255309	-0.002236193226179659671731814186
0.558377586055671670806077599991	0.002235033260786526906893634248	0.002235033260786526906893634248
0.560612020483791329006351134012	0.002233828051396994068128476485	-0.002233828017709178510169509835
0.562845227057348407306847093423	0.002232577555788355355009811021	0.002232577555788355355009811021
0.565077160536919143041245661152	0.002231281867742352254674331746	-0.002231281868448061183468622559
0.567307775708869810316059556499	0.002229940944978717372315646372	0.002229940944978717372315646372
0.569537027386272098894437476702	0.002228554883270171191322894799	-0.002228554846969067575190859287
0.571764870409819048191479851084	0.002227123642002233182973780501	0.002227123642002233182973780501
0.573991259648739537979622582498	0.002225647318948094800089565481	-0.002225647322114476887172651587
0.576216150001712668071718326246	0.002224125875145004614663601927	0.002224125875145004614663601927
0.578439496397781471870302993921	0.002222559410376134803044578803	-0.002222559371418212845195050420
0.580661253797265741738442557107	0.002220947887316135956753404557	0.002220947887316135956753404557
0.582881377192674632325974926061	0.002219291407767603509226805869	-0.002219291413416683671211426798
0.585099821609618042650424740714	0.002217589936028032705783719081	0.002217589936028032705783719081
0.587316542107718553289430474251	0.002215843575928858749657379690	-0.002215843534265864514520849582
0.589531493781520588015609973809	0.002214052293375537612540870924	0.002214052293375537612540870924
0.591744631761401129743660476379	0.002212216194237800678812355670	-0.002212216202395892068743865622
0.593955911214478105009106911893	0.002210335246013895790784253848	0.002210335246013895790784253848
0.596165287345518435380142818758	0.002208409556621276133986375712	-0.002208409512200027336598084915
0.598372715397846643980983571964	0.002206439095135521132051703574	0.002206439095135521132051703574
0.600578150654249909301540810702	0.002204423971531235294796235991	-0.002204423982229079814754157951
0.602781548437884784341633803706	0.002202364156445571399117744349	0.002202364156445571399117744349
0.604982864113182361442966339382	0.002200259761919758604020724846	-0.002200259714681952923076568851
0.607182053086752326898078990780	0.002198110760136409193299389386	0.002198110760136409193299389386
0.609379070808286016358579217922	0.002195917265212859407347290031	-0.002195917278485757812706014036
0.611573872771459248198766545102	0.002193679250860790502092312337	0.002193679250860790502092312337
0.613766414514833824611628187995	0.002191396833283176370094080809	-0.002191396783165151188749186772
0.615956651622758033504112518131	0.002189069987703997233891017871	0.002189069987703997233891017871
0.618144539726266928347797602328	0.002186698832421441612838819424	-0.002186698848309418310997820356
0.620330034503980387583510491822	0.002184283344154687358379396400	0.002184283344154687358379396400
0.622513091683001618115156361455	0.002181823643306796556978754964	-0.002181823590239264417517395245
0.624693667039813549379800861061	0.002179319708074669084685304199	0.002179319708074669084685304199
0.626871716401175005373147541832	0.002176771660975948107646926744	-0.002176771679523942844974859767
0.629047195645015433385083269968	0.002174179481667450758441972880	0.002174179481667450758441972880
0.631220060701328633534501477698	0.002171543294791184255942972925	-0.002171543238698977855427596495
0.633390267553065711148008176679	0.002168863081445663188590033954	0.002168863081445663188590033954
0.635557772237026363804091033671	0.002166138968407162364304685553	-0.002166138989665241862403455286
0.637722530844750279399590908724	0.002163370938197297158045451226	0.002163370938197297158045451226
0.639884499523405647636309367954	0.002160559119736605877132307185	-0.002160559060538326785899654325
0.642043634476678004574523583869	0.002157703496950802955767212410	0.002157703496950802955767212410
0.644199891965657522874266760482	0.002154804200914815781597866362	-0.002154804224938409659695359721
0.646353228309724636702071620675	0.002151861216939038052436972137	0.002151861216939038052436972137
0.648503599887435777660016356094	0.002148874678263033247832547445	-0.002148874615870724914118428117
0.650650963137405558001091776532	0.002145844571562033863132423761	0.002145844571562033863132423761
0.652795274559190952246012784599	0.002142771032250656050577308775	-0.002142771059100821370857481440
0.654936490714171259952536274795	0.002139654048348663562678639849	0.002139654048348663562678639849
0.657074568226428734618593807681	0.002136493757456296195551548323	-0.002136493691775053632708747386
0.659209463783626548050165183668	0.002133290148917120314375761581	0.002133290148917120314375761581
0.661341134137887198818361866870	0.002130043362527717781818026310	-0.002130043392271436554497032745
0.663469536106667812092041458527	0.002126753388934264459020351268	0.002126753388934264459020351268
0.665594626573635106403514782869	0.002123420370140616502546704325	-0.002123420301068157812346415270
0.667716362489539250191228347830	0.002120044298073855710412560782	0.002120044298073855710412560782
0.669834700873085386874095092935	0.002116625316956261600859212635	-0.002116625349666768646922365704
0.671949598811804271747405437054	0.002113163419973630458709168423	0.002113163419973630458709168423
0.674061013462922353767226013588	0.002109658753578012423818277554	-0.002109658681004228635708086514
0.676168902054228748710329455207	0.002106111312191234156282471091	0.002106111312191234156282471091
0.678273221884942434378729103628	0.002102521244506718681860357734	-0.002102521280263864190268607857
0.680373930326576559224349693977	0.002098888546159072970853642914	0.002098888546159072970853642914
0.682470984823802750973698039161	0.002095213368094947601477651133	-0.002095213291901377051368315918
0.684564342895312649694972151337	0.002091495707137974550959835796	0.002091495707137974550959835796
0.686653962134678552686750663270	0.002087735716500154631303232122	-0.002087735755390803145392641937
0.688739800211212838121355162002	0.002083933394169796681633100022	0.002083933394169796681633100022
0.690821814870824724152953422163	0.002080088895636666729976882451	-0.002080088815695936479283068010
0.692899963936877250070267564297	0.002076202220028855027073033668	0.002076202220028855027073033668
0.694974205311040704735603412701	0.002072273525126629156734026083	-0.002072273567245125347469070221
0.697044496974146166046182315768	0.002068302811172308304510369936	0.002068302811172308304510369936
0.699110796987036264837911403447	0.002064290238249748797583205118	-0.002064290154424932785537372126
0.701173063491414616521524294512	0.002060235807689363412426031275	0.002060235807689363412426031275
0.703231254710694919651814416284	0.002056139681892002728930135547	-0.002056139727340638902880476380
0.705285328950845724627072286239	0.002052001863249413270151588762	0.002052001863249413270151588762
0.707335244601235646477732643689	0.002047822516493238292900613828	-0.002047822428637210284696479334
0.709380960135476801298182181199	0.002043601645049094792105925933	0.002043601645049094792105925933
0.711422434112265467121005713125	0.002039339415993632158297099721	-0.002039339464883208573320327872
0.713459625176221523545905256469	0.002035035833758192837239509032	0.002035035833758192837239509032
0.715492492058726892167896949104	0.002030691067779072551957586512	-0.002030690975733709900674650584
0.717520993578760535314131630003	0.002026305123464513299053058049	0.002026305123464513299053058049
0.719545088643733343758412956959	0.002021878172625503691794968120	-0.002021878225075944383870574228
0.721564736250320692967363811476	0.002017410221617610410760335071	0.002017410221617610410760335071
0.723579895485292778900543453346	0.002012901444642100148851859842	-0.002012901348237469342783434456
0.725590525526343399498330200004	0.002008351848971505308749652130	0.002008351848971505308749652130
0.727596585642916737768359780603	0.002003761611213423794036758707	-0.002003761667354429700654838697
0.729598035197033034648939064937	0.001999130739526242764997343571	0.001999130739526242764997343571
0.731594833644111597337200691982	0.001994459412940473123920792631	-0.001994459311993910383131733965
0.733586940533791698193510910642	0.001989747640468416626374770217	0.001989747640468416626374770217
0.735574315510752585467457720370	0.001984995603580680910427158636	-0.001984995663552474934321345756
0.737556918315530496421672523866	0.001980203312110665695572331302	0.001980203312110665695572331302
0.739534708785334782277232079650	0.001975370949986836755646324448	-0.001975370844301926279845682544
0.741507646854860924534591504198	0.001970498527830027296614545662	0.001970498527830027296614545662
0.743475692557102441071492648916	0.001965586232044939755947421389	-0.001965586295999091626107713182
0.745438806024160904861730614357	0.001960634074005275159779948524	0.001960634074005275159779948524
0.747396947488052521002543926443	0.001955642242611020306664038060	-0.001955642131976469307030885858
0.749350077281514925786609637726	0.001950610749953209316701063791	0.001950610749953209316701063791
0.751298155838810099993452240597	0.001945539787446879873011873485	-0.001945539855547224247084292514
0.753241143696525727868618105276	0.001940429367863879140526650602	0.001940429367863879140526650602
0.755179001494375223835220367619	0.001935279685154804238389480986	-0.001935279569343190900904128071
0.757111689975994428536409941444	0.001930090752734782682392689068	0.001930090752734782682392689068
0.759039169989737416699426830746	0.001924862767111248712179061293	-0.001924862839534883509826079795
0.760961402489469418419787416497	0.001919595742304005441328240700	0.001919595742304005441328240700
0.762878348535357408977120030613	0.001914289877399444556385632588	-0.001914289756165824625197546816
0.764789969294659366383370979747	0.001908945186982335213629613513	0.001908945186982335213629613513
0.766696226042511308484961318754	0.001903561872741018137777935237	-0.001903561949679443820321322889
0.768597080162710666328962361149	0.001898139949784373621544109056	0.001898139949784373621544109056
0.770492493148499546506968727044	0.001892679622426573799592874892	-0.001892679495506966597107023631
0.772382426603344329762990128074	0.001887180906258579485973436718	0.001887180906258579485973436718
0.774266842241713604266806214582	0.001881644008245252595867835765	-0.001881644089905625070319183934
0.776145701889853434352062322432	0.001876068944416338585626236046	0.001876068944416338585626236046
0.778018967486561741075945519697	0.001870455924413280983029106430	-0.001870455791522934686429979756
0.779886601083957575752947377623	0.001864804964660002556744999858	0.001864804964660002556744999858
0.781748564848251392689348904241	0.001859116277501499927757300235	-0.001859116364108013121428375491
0.783604821060510881025606977346	0.001853389879709939000451690561	0.001853389879709939000451690561
0.785455332117425020221901377226	0.001847625986361942735866636944	-0.001847625847193439191720742976
0.787300060532065804075330106571	0.001841824614530549863306019276	0.001841824614530549863306019276
0.789138968934647744291055460053	0.001835985982053325426405221421	-0.001835986073848788150547628462
0.790972020073285042585098381096	0.001830110106255346561973662567	0.001830110106255346561973662567
0.792799176814745876207268793223	0.001824197207765658251474305551	-0.001824197061986767990152125130
0.794620402145204907107256531162	0.001818247304111002054724521848	0.001818247304111002054724521848
0.796435659170992904520858246542	0.001812260618743787325343741479	-0.001812260715991371442731838748
0.798244911119344480177062450821	0.001806237169340429299380090811	0.001806237169340429299380090811
0.800048121339142159769153295201	0.001800177182209999286049972866	-0.001800177029461310588415168255
0.801845253301660232381209425512	0.001794080675124900842859476668	0.001794080675124900842859476668
0.803636270601303381866387098853	0.001787947877285641501421409316	-0.001787947980270820046155844096
0.805421136956344652091388525150	0.001781778806505198049781046876	0.001781778806505198049781046876
0.807199816209661191734880958393	0.001775573694911809644395028762	-0.001775573534804049261395797465
0.808972272329465336149212362216	0.001769332560301758528256699243	0.001769332560301758528256699243
0.810738469410035467177522150450	0.001763055637769013733046064019	-0.001763055746801770514581297888
0.812498371672443320257173127175	0.001756742945033952724501191689	0.001756742945033952724501191689
0.814251943465278182898714476323	0.001750394720195963364772762105	-0.001750394552306991542700576048
0.815999149265369982941820126143	0.001744010980838312961302416504	0.001744010980838312961302416504
0.817739953678507935919128613023	0.001737591968107364158099836793	-0.001737592083524660538026984646
0.819474321440158526286268170225	0.001731137699385915497754528936	0.001731137699385915497754528936
0.821202217416179047759783315996	0.001724648418910790454230963498	-0.001724648242782218657623283242
0.822923606603529922409734354005	0.001718124143798749944161974312	0.001718124143798749944161974312
0.824638454130983467038618073275	0.001711565121422615846913384274	-0.001711565243591170633330467155
0.826346725259830217069634272775	0.001704971368565211991066843389	0.001704971368565211991066843389
0.828048385384583141011205498216	0.001698343135783042306616308359	-0.001698342950916431571758979935
0.829743400033678080163213053311	0.001691680439454649196098778852	0.001691680439454649196098778852
0.831431734870172300944091148267	0.001684983533370200360287927133	-0.001684983662689642234036591084
0.833113355692440382682661947911	0.001678252433431007750383456845	0.001678252433431007750383456845
0.834788228434866552696291819302	0.001671487396713308617307580661	-0.001671487202565851391822260297
0.836456319168534800922998329042	0.001664688438565559841508800787	0.001664688438565559841508800787
0.838117594101916996152112915297	0.001657855819405000628169455368	-0.001657855956311439071110269694
0.839772019581556117273635209131	0.001650989553948731562368901216	0.001650989553948731562368901216
0.841419562092749151460679968295	0.001644089906012671624402354809	-0.001644089701992297244959040370
0.843060188260225551459825510392	0.001637156889601056519376043319	0.001637156889601056519376043319
0.844693864848822917323900583142	0.001630190771989002782721422946	-0.001630190916959053503559884390
0.846320558764161345877141684468	0.001623191566383219578209584633	0.001623191566383219578209584633
0.847940237053312673154437106859	0.001616159543581566736258903205	-0.001616159329041379037750214565
0.849552866905468717639848819090	0.001609094715905226959454243918	0.001609094715905226959454243918
0.851158415652605970791455547442	0.001601997357741569193503861079	-0.001601997511296978900577347993
0.852756850770146734852517056424	0.001594867480434717862958216017	0.001594867480434717862958216017
0.854348139877618817372706416791	0.001587705362031720810259138865	-0.001587705136263699344859046114
0.855932250739310895859546235442	0.001580511012804408513612863807	0.001580511012804408513612863807
0.857509151264925995050703022571	0.001573284714533274225925496559	-0.001573284877246182043505906556
0.859078809510230856361090445716	0.001566026476318672531681808202	0.001566026476318672531681808202
0.860641193677703864040040571126	0.001558736583752151237322602917	-0.001558736345979862400121240817
0.862196272117178752480981529516	0.001551415044659265000254189104	0.001551415044659265000254189104
0.863744013326485760018158543971	0.001544062148524289346945836954	-0.001544062321023232861594287613
0.865284385952090007165793394961	0.001536677901790233814749431218	0.001536677901790233814749431218
0.866817358789726100098960159812	0.001529262597920102734888603280	-0.001529262347290430337082289824
0.868342900785031179822226476972	0.001521816241861977765312263777	0.001521816241861977765312263777
0.869860981034173197379288922093	0.001514339131148159352593940419	-0.001514339314125000496638606684
0.871371568784477190661164058838	0.001506831269114467181449712463	0.001506831269114467181449712463
0.872874633435048341567608076730	0.001499292957457969404505560007	-0.001499292693031566321704151079
0.874370144537392035566369941080	0.001491724197779677445890866849	0.001491724197779677445890866849
0.875858071796030257516463279899	0.001484125296042070399349377396	-0.001484125490259956096916749146
0.877338385069115433978481632948	0.001476496251983198948476427859	0.001476496251983198948476427859
0.878811054369041499967352137901	0.001468837375937156585620213534	-0.001468837096677406712369462483
0.880276049863050635835293178388	0.001461148665645020010631083274	0.001461148665645020010631083274
0.881733341873838227797932631802	0.001453430435924556347881964058	-0.001453430642227137702809924846
0.883182900880153609612932541495	0.001445682682379561059815564761	0.001445682682379561059815564761
0.884624697517398472790262076160	0.001437905724429838988723262538	-0.001437905429190131307085054324
0.886058702578221391021884301153	0.001430099555394901290200637689	0.001430099555394901290200637689
0.887484887013109791098486311967	0.001422264499421649775606768529	-0.001422264718743747585055769989
0.888903221930978038045623179642	0.001414400547391209085265617595	0.001414400547391209085265617595
0.890313678599753299813812645880	0.001406508028309787130399888255	-0.001406507715818671247487436915
0.891716228446956860054228855006	0.001398586930458433231355686033	0.001398586930458433231355686033
0.893110843060283432492951760651	0.001390637587842517191097369000	-0.001390637821222581596916634261
0.894497494188176589524630344386	0.001382659985973215457238927328	0.001382659985973215457238927328
0.895876153740401193203979346436	0.001374654464003107964820138420	-0.001374654132847006292317271203
0.897246793788612162501294733374	0.001366621004495062897260426737	0.001366621004495062897260426737
0.898609386566920465000407602929	0.001358559951905647040018565441	-0.001358560200500289307304346842
0.899963904472455444860656825767	0.001350471285661757493007373299	0.001350471285661757493007373299
0.901310320065924042154392736848	0.001342355355690099272952808818	-0.001342355004293059334702364893
0.902648606072166792557709413813	0.001334212138084042015284680360	0.001334212138084042015284680360
0.903978735380710052282893229858	0.001326041988416641528164552355	-0.001326042253517708061072433168
0.905300681046315558475612306211	0.001317844879239582489560689282	0.001317844879239582489560689282
0.906614416289525770764612389030	0.001309621171959264931961008926	-0.001309620798559107783531896274
0.907919914497207214409968401014	0.001301370835366195098659058971	0.001301370835366195098659058971
0.909217149223088272336212867231	0.001293094236898686055434182229	-0.001293094519953379454776931645
0.910506094188296533076254490879	0.001284791341354374859251574748	0.001284791341354374859251574748
0.911786723281889699421753903152	0.001276462522414524526290224848	-0.001276462125034706672835338459
0.913059010561385386850474787934	0.001268107740639130192120132001	0.001268107740639130192120132001
0.914322930253286481061536505877	0.001259727376176815591066193711	-0.001259727678811545367384971961
0.915578456753602942796987917973	0.001251321385091093895888803011	0.001251321385091093895888803011
0.916825564628370837105819646240	0.001242890154236811657562089550	-0.001242889730652972212626705684
0.918064228614167587849692608870	0.001234433634906978612122419037	0.001234433634906978612122419037
0.919294423618623568472685292363	0.001225952220917105777234223929	-0.001225952544965854115396886037
0.920516124720930140057362223160	0.001217445858499350760939528016	0.001217445858499350760939528016
0.921729307172345246890188263933	0.001208914948701115665147254319	-0.001208914496401188119062419801
0.922933946396694127045634559181	0.001200359432385725982905810838	0.001200359432385725982905810838
0.924130017990867136390420455427	0.001191779718121872095812352477	-0.001191780065660155837545253199
0.925317497725314908052496321034	0.001183175741077010590177054361	0.001183175741077010590177054361
0.926496361544537849752600777720	0.001174547917650179112286634719	-0.001174547433786515132636552039
0.927666585567574975002003156987	0.001165896176965301603636882000	0.001165896176965301603636882000
0.928828146088486295006703130639	0.001157220943582121979245624921	-0.001157221316967842325226789590
0.929981019576833989326303253620	0.001148522140211036051890558518	0.001148522140211036051890558518
0.931125182678158580529270693660	0.001139800199925956273455662782	-0.001139799681257555510199841464
0.932260612214452333290637398022	0.001131055038629512300360491217	0.001131055038629512300360491217
0.933387285184628545664509147173	0.001122287098288353174996290207	-0.001122287500211232268154670777
0.934505178764987620709803195496	0.001113496287576796204069062846	0.001113496287576796204069062846
0.935614270309679363357702186477	0.001104683057760059722990364506	-0.001104682500582447515075079636
0.936714537351161835587731729902	0.001095847309834980642245794158	0.001095847309834980642245794158
0.937805957600656547867856716039	0.001086989504800936088765861420	-0.001086989938342733602941181381
0.938888508948599431747084054223	0.001078109535496888857220021407	0.001078109535496888857220021407
0.939962169465089703024318623648	0.001069207873124401091471935565	-0.001069207273183937463925663458
0.941026917400333284824398560886	0.001060284401850142884521366327	0.001060284401850142884521366327
0.942082731185083566138871447038	0.001051339603581308507554425979	-0.001051340072289645407102587349
0.943129589431078496630789231858	0.001042373353260662559999216725	0.001042373353260662559999216725
0.944167470931474128725824357389	0.001033386144043234658451702046	-0.001033385496431686936813498789
0.945196354661273607788984918443	0.001024377841055567348385602067	0.001024377841055567348385602067
0.946216219777753275721465797687	0.001015348949285217391991231750	-0.001015349457264735650446896287
0.947227045620885443888425925252	0.001006299323405533468686612331	0.001006299323405533468686612331
0.948228811713756059020852262620	0.000997229480867929977613850490	-0.000997228779891767879231534444
0.949221497762980259693676998722	0.000988139265206558177825901801	0.000988139265206558177825901801
0.950205083659112936800283932826	0.000979029207019317671001346071	-0.000979029759045121211746831591
0.951179549477056296424848369497	0.000969899137961202769883661823	0.000969899137961202769883661823
0.952144875476463870000998213072	0.000960749602515712885879295424	-0.000960748841532814228626191433
0.953101042102139528466864248912	0.000951580419659259863982003758	0.000951580419659259863982003758
0.954048029984434498018686099385	0.000942392148562418564654297182	-0.000942392750222425319879537842
0.954985819939639268838504904124	0.000933184594657895829898641704	0.000933184594657895829898641704
0.955914392970372395197387049848	0.000923958332673798996004244088	-0.000923957503887630612546266740
0.956833730265965187733456787100	0.000914713153561268459829092237	0.000914713153561268459829092237
0.957743813202843075060854971525	0.000905449648552853034351450834	-0.000905450306428008428079323711
0.958644623344902302441994379478	0.000896167593099608502174580060	0.000896167593099608502174580060
0.959536142443884076946858385782	0.000886867595970325991311389302	-0.000886866690168102832919627687
0.960418352439743827630991290789	0.000877549416007796390798434416	0.000877549416007796390798434416
0.961291235461017024022112309467	0.000868213680643341984520533483	-0.000868214402538002786961779389
0.962154773825181552915353222488	0.000858860130903414654111871496	0.000858860130903414654111871496
0.963008950039015432231792601669	0.000849489414113587860445664379	-0.000849488420329827498798935803
0.963853746798951638297126010002	0.000840101252164305494288254472	0.000840101252164305494288254472
0.964689146991428492228237701056	0.000830696313625044788046813959	-0.000830697108864598249798605334
0.965515133693236160539186130336	0.000821274299805627031392796233	0.000821274299805627031392796233
0.966331690171859714055813128653	0.000811835902001302217763367697	-0.000811834807080697947768987977
0.967138799885817745938254574867	0.000802380799356406586124446090	0.000802380799356406586124446090
0.967936446484998214145889505744	0.000792909707522475564606123655	-0.000792910587342247072731304947
0.968724613810988621764863637509	0.000783422281735592085372132942	0.000783422281735592085372132942
0.969503285897404087911866099603	0.000773919263801708424976855127	-0.000773918051824372442773491976
0.970272446970210644678900280269	0.000764400283127627069336418320	0.000764400283127627069336418320
0.971032081448044759319770946604	0.000754866109661347039171130913	-0.000754867087721222099379325687
0.971782173942528637589077789016	0.000745316344857494656427066015	0.000745316344857494656427066015
0.972522709258582418456740015245	0.000735751789008738318886848617	-0.000735750440524487623814020587
0.973253672394732038952724906267	0.000726172013265295843327529202	0.000726172013265295843327529202
0.973975048543412436075072946551	0.000716577850711735356986631373	-0.000716578943786545709965229989
0.974686823091268195184966316447	0.000706968839580266188334090049	0.000706968839580266188334090049
0.975388981619449646487396421435	0.000697345848473925164663633769	-0.000697344339467275927714473571
0.976081509903904409597430458234	0.000687708379794297122722390725	0.000687708379794297122722390725
0.976764393915665718459706567955	0.000678057340709588393830309361	-0.000678058569629459858239817205
0.977437619821136860487342801207	0.000668392194534879599196464106	0.000668392194534879599196464106
0.978101173982371285831050045090	0.000658713890418513451155413385	-0.000658712190887145599554886033
0.978755042957348608823053837114	0.000649021848937478208936557866	0.000649021848937478208936557866
0.979399213500247500796547228674	0.000639317065060620009359082516	-0.000639318456013646379404447018
0.980033672561713364856927910296	0.000629598912517265619365192109	0.000629598912517265619365192109
0.980658407289123346117776236497	0.000619868436430563978650765122	-0.000619866508397739005009619007
0.981273405026845901844012587389	0.000610124959040160845698264058	0.000610124959040160845698264058
0.981878653316497929104400554934	0.000600369580532344212890627499	-0.000600371166903351208450623222
0.982474139897196563353531928442	0.000590601566393117579853444532	0.000590601566393117579853444532
0.983059852705808201456250117189	0.000580822077454066533486187751	-0.000580819872133645030004567289
0.983635779877192195641555372276	0.000571030316453497019044127647	0.000571030316453497019044127647
0.984201909744441327809738595533	0.000561227511242987694289885425	-0.000561229336264537160064436172
0.984758230839118842148138810444	0.000551412794957438674725569427	0.000551412794957438674725569427
0.985304731891489815609475044766	0.000541587469781059922639687709	-0.000541584923441796564809458392
0.985841401830750196921826500329	0.000531750591366965267084432334	0.000531750591366965267084432334
0.986368229785250516528094522073	0.000521903544661236570324780448	-0.000521905665328152297381680835
0.986885205082716598923298079171	0.000512045298735563231273815177	0.000512045298735563231273815177
0.987392317250465278988258432946	0.000502177331064883217086325384	-0.000502174358841014716568762477
0.987889556015617120721117316862	0.000492298513571836162706907292	0.000492298513571836162706907292
0.988376911305303806898336915765	0.000482410427640800874328486092	-0.000482412920650352166490604233
0.988854373246873086245045669784	0.000472511835700691919248672690	0.000472511835700691919248672690
0.989321932168087836423353564896	0.000462604436386525525500695855	-0.000462600922739253518547325461
0.989779578597322684530013248150	0.000452686868121231851449376427	0.000452686868121231851449376427
0.990227303263755631590470329684	0.000442760962532880381417599303	-0.000442763933586704568762248968
0.990665097097555791272327496699	0.000432825216860266849105282061	0.000432825216860266849105282061
0.991092951230067242818222439382	0.000422881614433164400908976566	-0.000422877397943148428203358202
0.991510856993988332064304813684	0.000412928490819781425502643657	0.000412928490819781425502643657
0.991918805923548196901151641214	0.000402968003458946746886404355	-0.000402971602372514405530912196
0.992316789754677186508047270763	0.000392998301615964172432693413	0.000392998301615964172432693413
0.992704800425174616052004239464	0.000383021743905494270292233505	-0.000383016592042238713730628596
0.993082830074872524583895483374	0.000373036263406144265233205237	0.000373036263406144265233205237
0.993450871045794325908673272352	0.000363044452911262993579505354	-0.000363048899240433836036606730
0.993808915882310128786514269450	0.000353043992698148063284074860	0.000353043992698148063284074860
0.994156957331288060331075939757	0.000343037750398427236306342358	-0.000343031315630376045476557234
0.994494988342240704426444608544	0.000333023108133367548317621543	0.000333023108133367548317621543
0.994823002067468431519614568970	0.000323003259045305751804427752	-0.000323008887860681684952440795
0.995140991862197621387053914077	0.000312975230229821810984391917	0.000312975230229821810984391917
0.995448951284715555232196493307	0.000302942604308331186850622441	-0.000302934343250758474769268602
0.995746874096500977913137830910	0.000292901981062537665641276607	0.000292901981062537665641276607
0.996034754262350441322837468761	0.000282857414522834967746112156	-0.000282864763510811507637998652
0.996312585950499984832617883512	0.000272804983843156329502421809	0.000272804983843156329502421809
0.996580363532744484267311690928	0.000262749321132799769536181334	-0.000262738334670657063332765979
0.996838081584550339542261099268	0.000252685862332236539293250921	0.000252685862332236539293250921
0.997085734885166496965780424944	0.000242619959138599830886229292	-0.000242629947981069576598556203
0.997323318417729032248075782263	0.000232546239964005676138097956	0.000232546239964005676138097956
0.997550827369364290220232760475	0.000222470967927103162840862804	-0.000222455655310573583750832771
0.997768257131284697081241574779	0.000212387738456303645220510368	0.000212387738456303645220510368
0.997975603298883573444300054689	0.000202303992802146948015717953	-0.000202318332240231416822157096
0.998172861671823397067271343985	0.000192211975454820534940994503	0.000192211975454820534940994503
0.998360028254121290025580037764	0.000182120687864304305276022533	-0.000182097904266840024791254682
0.998537099254229953970707356348	0.000172020560262764346613068023	0.000172020560262764346613068023
0.998704071085114719608100131154	0.000161922721651689576795318803	-0.000161944983062368617031390183
0.998860940364325267104561589804	0.000151815085515168726694110179	0.000151815085515168726694110179
0.999007703914065459116500278469	0.000141711788857478267417491780	-0.000141674428932644041025448733
0.999144358761256734524636158312	0.000131597109540325114384468064	0.000131597109540325114384468064
0.999270902137598726611145139032	0.000121489636683169783463835667	-0.000121528648709223375417622093
0.999387331479625218300100186752	0.000111368115054969656161493186	0.000111368115054969656161493186
0.999493644428756322639628706384	0.000101258130725686811544374033	-0.000101186287833394139589783534
0.999589838831346000347366498318	0.000091129399289616535542908615	0.000091129399289616535542908615
0.999675912738725802597627989599	0.000081019445141133797187726895	-0.000081103882378428013939439256
0.999751864407243950871873039432	0.000070881726785909017376878516	0.000070881726785909017376878516
0.999817692298301530229309719289	0.000060776735700363967366925688	-0.000060588944331869425325744205
0.999873395078382909417769042193	0.000050623918897722194876458851	0.000050623918897722194876458851
0.999918971619082941337808279059	0.000040537405455822475780838787	-0.000040824601304091372058584219
0.999954420997129833637018236914	0.000030344181908941732879123054	0.000030344181908941732879123054
0.999979742494404133523744349077	0.000020341330032671443075195997	-0.000019214722625303161813439465
0.999994935597952938621801877161	0.000009889109116311224824012391	0.000009889109116311224824012391
1.000000000000000000000000000000	0.000001026266258623231829937125	-0.000003078790350107463071743785
