1.000000000000000056e-01 1.053798140495510465e-05 
1.080471822318128799e-01 2.212120484687054580e-05 
1.167419358823458125e-01 4.324024695485788225e-05 
1.261363722037443236e-01 1.568104338912770381e-05 
1.362867959355774095e-01 3.315408676344095632e-05 
1.472540427624122739e-01 3.837307957551467540e-05 
1.591038439272152438e-01 3.233538593778053467e-05 
1.719072201858574678e-01 3.336837965748549296e-05 
1.857409074638571855e-01 3.476983638647770713e-05 
2.006878167664967461e-01 2.181467543496566007e-05 
2.168375310987434024e-01 3.331651409131446503e-05 
2.342868423732232808e-01 2.866834732650403835e-05 
2.531403315241567697e-01 2.839500167350627547e-05 
2.735109953041209296e-01 3.095902636647612706e-05 
2.955209235202886919e-01 2.376871793919633707e-05 
3.193020307691027404e-01 2.563476407020756466e-05 
3.449968470549716337e-01 2.452002959420678728e-05 
3.727593720314940073e-01 2.758019973980724423e-05 
4.027559979850296457e-01 2.471667291343402511e-05 
4.351665070924415901e-01 2.624330161525412046e-05 
4.701851489299853082e-01 2.513054923037171136e-05 
5.080218046913019814e-01 2.485418908827762458e-05 
5.489032450921556006e-01 2.628456343452675116e-05 
5.930744895010559015e-01 2.609097357368774195e-05 
6.408002744415999263e-01 2.404937451702292354e-05 
6.923666402678725351e-01 2.449281370161189743e-05 
7.480826455225085825e-01 2.383745095854661347e-05 
8.082822192522716165e-01 2.459455991752999628e-05 
8.733261623828433295e-01 2.330795637140219972e-05 
9.436043101478888140e-01 2.354677034372271150e-05 
1.019537868532730096e+00 2.330622567749047910e-05 
1.101581938735899602e+00 2.305219668316532819e-05 
1.190228244778714917e+00 2.266563896961789243e-05 
1.286008080610566484e+00 2.230101100500562813e-05 
1.389495494373137463e+00 2.195991287229266144e-05 
1.501310728908173520e+00 2.157561885789187556e-05 
1.622123939129171966e+00 2.115693651175229806e-05 
1.752659208536758495e+00 2.074210487820834058e-05 
1.893698888950360315e+00 2.031402466953339300e-05 
2.046088289466012178e+00 1.984838122174358222e-05 
2.210740742743124709e+00 1.936271868348524340e-05 
2.388643078984598045e+00 1.886810793160851175e-05 
2.580861540418073918e+00 1.834528011989540691e-05 
2.788548171726290104e+00 1.778938914390476797e-05 
3.012947724726990462e+00 1.721478075119800165e-05 
3.255405118685032129e+00 1.661786847263531594e-05 
3.517373500969380284e+00 1.598563292839083022e-05 
3.800422956365884009e+00 1.532228555367666183e-05 
4.106249917244298331e+00 1.463387373930492880e-05 
4.436687330978610788e+00 1.391192067733089860e-05 
4.793715645558216387e+00 1.315054551140877487e-05 
5.179474679231209855e+00 1.235509856881192553e-05 
5.596276445319552373e+00 1.152531572633701078e-05 
6.046619009070435702e+00 1.065230274720777164e-05 
6.533201459593773741e+00 9.734955534538797473e-06 
7.058940086618741283e+00 8.777268287135103091e-06 
7.626985859023443837e+00 7.773592716773024966e-06 
8.240743309893657553e+00 6.717220029492745699e-06 
8.903890941296729977e+00 5.610523552133922470e-06 
9.620403271064756012e+00 4.452463249739949481e-06 
1.039457465372262668e+01 3.235002348161536373e-06 
1.123104501832951563e+01 1.955791588282780211e-06 
1.213482767749143143e+01 6.155877933072972632e-07 
1.311133937421564255e+01 7.916668188464008415e-07 
1.416643274669020691e+01 2.272323195853562093e-06 
1.530643140556357906e+01 3.827571857260434124e-06 
1.653816783395673085e+01 5.461541793318012187e-06 
1.786902433735828666e+01 7.182196024545076297e-06 
1.930697728883249553e+01 8.994657664247331284e-06 
2.086064493471956638e+01 1.090410201256481218e-05 
2.253933904734791227e+01 1.291926755268817462e-05 
2.435312073433414781e+01 1.504923894437582733e-05 
2.631286073895941868e+01 1.730426034472801698e-05 
2.843030459302662294e+01 1.969699602341254668e-05 
3.071814301268696568e+01 2.224134785778520912e-05 
3.319008795914677279e+01 2.495695730041726769e-05 
3.586095482011828750e+01 2.786925110632486807e-05 
3.874675120456128496e+01 3.100474658758235497e-05 
4.186477288289951559e+01 3.440158568263508560e-05 
4.523370744772100949e+01 3.811782037744967629e-05 
4.887374631624422250e+01 4.222197144328234384e-05 
5.280670574582637045e+01 4.680678820157020687e-05 
5.705615758781020475e+01 5.202496163340533322e-05 
6.164757056337160890e+01 5.809919101229533685e-05 
6.660846290809153913e+01 6.535792254364304534e-05 
7.196856730011521108e+01 7.437401571738593269e-05 
7.776000906038035509e+01 8.619656792972709043e-05 
8.401749869294334871e+01 1.028677491995745201e-04 
9.077853991937548983e+01 1.291272504090668397e-04 
9.808365445406670347e+01 1.791327835120391353e-04 
1.059766248676070859e+02 3.215779359147712753e-04 
1.145047569938281242e+02 7.987520877275427339e-03 
1.237191634532159412e+02 2.681300619825530921e-04 
1.336750699919707870e+02 1.091769334967306661e-04 
1.444321464727280500e+02 5.620753978833309660e-05 
1.560548645007073389e+02 2.896992685298432579e-05 
1.686128838286880409e+02 1.193335942674095642e-05 
1.821814698566974755e+02 4.322315133552524960e-08 
1.968419447286611330e+02 8.908555549980301869e-06 
2.126821747296208116e+02 1.607562213562287946e-05 
2.297970969046962750e+02 2.200391542445379237e-05 
2.482892880560327455e+02 2.700090978933097129e-05 
2.682695795279724393e+02 3.141025016684304390e-05 
2.898577214651065219e+02 3.544787201853289788e-05 
3.131831005243844857e+02 3.911015190264251321e-05 
3.383855153428233393e+02 4.252737668832604729e-05 
3.656160144085193906e+02 4.601560971385836659e-05 
3.950378013566640334e+02 4.962119863130899677e-05 
4.268272131163820973e+02 5.326624236725412267e-05 
4.611747767708255878e+02 5.737747515446088527e-05 
4.982863514647300462e+02 6.244258191889269375e-05 
5.383843622033483598e+02 6.832836049409505197e-05 
5.817091329374358111e+02 7.534913182357268733e-05 
6.285203269240097370e+02 8.483000385906882548e-05 
6.790985029955706977e+02 9.731532930015908021e-05 
7.337467970651380256e+02 1.129078109606278826e-04 
7.927927389450597957e+02 1.338955474311823938e-04 
8.565902153685491385e+02 1.630584427932214376e-04 
9.255215909791344302e+02 2.013814361523930260e-04 
1.000000000000000000e+03 2.521323449571516743e-04 
