#  [0] r (Mpc; comoving), [1] xi(r)
1.000000000000000056e-01 1.518812128349712742e-01 
1.080471822318128799e-01 5.722188674116795298e-02 
1.167419358823458125e-01 1.467282236686448249e-01 
1.261363722037443236e-01 1.447804604684924112e-01 
1.362867959355774095e-01 5.716615871651234415e-02 
1.472540427624122739e-01 1.427380073224644164e-01 
1.591038439272152438e-01 6.697265258646077635e-02 
1.719072201858574678e-01 9.422692204841115471e-02 
1.857409074638571855e-01 1.324079747735562584e-01 
2.006878167664967461e-01 1.304580503926249802e-01 
2.168375310987434024e-01 1.362398634207393211e-01 
2.342868423732232808e-01 3.214259549596384241e-02 
2.531403315241567697e-01 3.182832458292855771e-02 
2.735109953041209296e-01 1.239062611338465625e-01 
2.955209235202886919e-01 1.200525509700701571e-01 
3.193020307691027404e-01 5.126418583968665038e-02 
3.449968470549716337e-01 9.877181639133293667e-02 
3.727593720314940073e-01 5.393781584499830056e-02 
4.027559979850296457e-01 8.870257946150457429e-02 
4.351665070924415901e-01 7.731925025708136744e-03 
4.701851489299853082e-01 5.402762499588899259e-02 
5.080218046913019814e-01 6.424893145036136843e-02 
5.489032450921556006e-01 6.656250880789585378e-02 
5.930744895010559015e-01 7.682883278449591236e-02 
6.408002744415999263e-01 9.679060664406345660e-02 
6.923666402678725351e-01 2.924877204051277296e-02 
7.480826455225085825e-01 8.040097733453406559e-02 
8.082822192522716165e-01 4.955786846886684610e-02 
8.733261623828433295e-01 9.310939441781777848e-02 
9.436043101478888140e-01 1.532696855993670969e-02 
1.019537868532730096e+00 4.671864416049391518e-03 
1.101581938735899602e+00 8.390012488349588710e-03 
1.190228244778714917e+00 1.249284594068706799e-03 
1.286008080610566484e+00 4.242999853028471546e-03 
1.389495494373137463e+00 2.178805984315186888e-03 
1.501310728908173520e+00 2.408848155962873584e-03 
1.622123939129171966e+00 2.520925015543405354e-03 
1.752659208536758495e+00 1.150516723110255350e-03 
1.893698888950360315e+00 2.550143522205870067e-03 
2.046088289466012178e+00 1.184625788067902218e-04 
2.210740742743124709e+00 2.336367915817258618e-03 
2.388643078984598045e+00 7.310196291990926371e-04 
2.580861540418073918e+00 1.874502878110126825e-03 
2.788548171726290104e+00 1.365000441295137262e-03 
3.012947724726990462e+00 1.235569222922270000e-03 
3.255405118685032129e+00 1.711280961417431480e-03 
3.517373500969380284e+00 5.380945145550627582e-04 
3.800422956365884009e+00 1.783887583637040666e-03 
4.106249917244298331e+00 1.045299488549481328e-04 
4.436687330978610788e+00 1.676297987277586493e-03 
4.793715645558216387e+00 6.669590458513887212e-04 
5.179474679231209855e+00 1.418287695414284597e-03 
5.596276445319552373e+00 1.202687951536957327e-03 
6.046619009070435702e+00 9.814501682043693005e-04 
6.533201459593773741e+00 1.595874118410753589e-03 
7.058940086618741283e+00 2.856235355560511526e-04 
7.626985859023443837e+00 1.726058355431371334e-03 
8.240743309893657553e+00 4.527326432037884771e-04 
8.903890941296729977e+00 1.410450775763502640e-03 
9.620403271064756012e+00 1.087120817734178778e-03 
1.039457465372262668e+01 8.708926402755454285e-04 
1.123104501832951563e+01 1.303262453491450899e-03 
1.213482767749143143e+01 1.488114722921973169e-04 
1.311133937421564255e+01 1.265995620702777599e-03 
1.416643274669020691e+01 3.213004017816361766e-04 
1.530643140556357906e+01 7.972603476354304724e-04 
1.653816783395673085e+01 6.696446530674838270e-04 
1.786902433735828666e+01 4.410166693158364994e-04 
1.930697728883249553e+01 4.403075028636019663e-04 
2.086064493471956638e+01 3.318639233153562620e-06 
2.253933904734791227e+01 3.092730275343939187e-04 
2.435312073433414781e+01 2.536994413884878508e-04 
2.631286073895941868e+01 1.094018625406395034e-04 
2.843030459302662294e+01 3.117252261801474749e-04 
3.071814301268696568e+01 3.309765765231928707e-04 
3.319008795914677279e+01 9.011923063923952745e-04 
3.586095482011828750e+01 4.284911296487988863e-04 
3.874675120456128496e+01 3.761256273099096328e-04 
4.186477288289951559e+01 1.440022008841848047e-03 
4.523370744772100949e+01 4.253105492314928921e-04 
4.887374631624422250e+01 1.029599351998961845e-03 
5.280670574582637045e+01 1.022464715113795925e-03 
5.705615758781020475e+01 1.631067862983356150e-03 
6.164757056337160890e+01 6.684595795173432298e-04 
6.660846290809153913e+01 2.846203728518608724e-05 
7.196856730011521108e+01 2.114003904805663702e-03 
7.776000906038035509e+01 7.169549598689241516e-04 
8.401749869294334871e+01 3.624264941995338375e-04 
9.077853991937548983e+01 1.544186982117082448e-03 
9.808365445406670347e+01 2.088856467317393162e-03 
1.059766248676070859e+02 6.358505109600436772e-04 
1.145047569938281242e+02 8.397012251413974847e-04 
1.237191634532159412e+02 2.442989746065859277e-03 
1.336750699919707870e+02 2.542000500534087257e-03 
1.444321464727280500e+02 1.362254887389539263e-03 
1.560548645007073389e+02 2.002716921061481296e-03 
1.686128838286880409e+02 4.055329461347738536e-03 
1.821814698566974755e+02 3.553053960770730362e-03 
1.968419447286611330e+02 2.241742896494662487e-03 
2.126821747296208116e+02 4.502118138259740728e-03 
2.297970969046962750e+02 6.442348467739645278e-03 
2.482892880560327455e+02 4.587466217024597191e-03 
2.682695795279724393e+02 4.846351337879298803e-03 
2.898577214651065219e+02 8.695089045913486150e-03 
3.131831005243844857e+02 9.061565431740624746e-03 
3.383855153428233393e+02 7.147428936422129883e-03 
3.656160144085193906e+02 1.028976049634055395e-02 
3.950378013566640334e+02 1.434527660443718489e-02 
4.268272131163820973e+02 1.287831173703765826e-02 
4.611747767708255878e+02 1.316647781238833650e-02 
4.982863514647300462e+02 1.943146070035399117e-02 
5.383843622033483598e+02 2.179200971965945463e-02 
5.817091329374358111e+02 2.009633028666840682e-02 
6.285203269240097370e+02 2.538729971556953971e-02 
6.790985029955706977e+02 3.268232821022781787e-02 
7.337467970651380256e+02 3.281703934050831523e-02 
7.927927389450597957e+02 3.551524337768493383e-02 
8.565902153685491385e+02 4.558556006825837531e-02 
9.255215909791344302e+02 5.141000272926021797e-02 
1.000000000000000000e+03 5.372340681818983665e-02 
