2
3
4
5
6
7
8
9
10
11
12
13
14
15
16
17
18
19
20
21
22
23
24
25
26
27
28
29
30
31
32
33
34
35
36
37
38
39
40
42
44
46
48
50
52
54
56
58
60
63
66
69
72
75
78
81
85
89
93
97
101
106
111
116
121
127
133
139
145
152
159
166
174
182
191
200
210
220
231
242
254
266
279
292
306
321
337
353
370
388
407
427
447
467
487
507
527
547
567
587
607
627
647
667
687
707
727
747
767
787
807
827
847
867
887
907
927
947
967
987
1007
1027
1047
1067
1087
1107
1127
1147
1167
1187
1207
1227
1247
1267
1287
1307
1327
1347
1367
1387
1407
1427
1447
1467
1487
1507
1527
1547
1567
1587
1607
1627
1647
1667
1687
1707
1727
1747
1767
1787
1807
1827
1847
1867
1887
1907
1927
1947
1967
1987
2007
2027
2047
2067
2087
2107
2127
2147
2167
2187
2207
2227
2247
2267
2287
2307
2327
2347
2367
2387
2407
2427
2447
2467
2487
2507
2527
2547
2567
2587
2607
2627
2647
2667
2687
2707
2727
2747
2767
2787
2807
2827
2847
2867
2887
2907
2927
2947
2967
2987
