#[0]-k [1]-P_k(z=0) [2]-P_k(z=3) [3]-P_k(z=20)
1.013583E-04 1.833149E+03 1.857804E+02 6.700617E+00 
1.041305E-04 1.881200E+03 1.906515E+02 6.876369E+00 
1.069786E-04 1.930509E+03 1.956500E+02 7.056727E+00 
1.099045E-04 1.981106E+03 2.007794E+02 7.241809E+00 
1.129105E-04 2.033026E+03 2.060429E+02 7.431740E+00 
1.159987E-04 2.086303E+03 2.114441E+02 7.626645E+00 
1.191714E-04 2.140972E+03 2.169866E+02 7.826656E+00 
1.224308E-04 2.197069E+03 2.226739E+02 8.031904E+00 
1.257794E-04 2.254631E+03 2.285100E+02 8.242527E+00 
1.292195E-04 2.313695E+03 2.344986E+02 8.458664E+00 
1.327538E-04 2.374302E+03 2.406437E+02 8.680458E+00 
1.363847E-04 2.436489E+03 2.469493E+02 8.908059E+00 
1.401149E-04 2.500299E+03 2.534197E+02 9.141615E+00 
1.439472E-04 2.565772E+03 2.600589E+02 9.381284E+00 
1.478842E-04 2.632953E+03 2.668715E+02 9.627223E+00 
1.519290E-04 2.701884E+03 2.738619E+02 9.879595E+00 
1.560844E-04 2.772610E+03 2.810347E+02 1.013857E+01 
1.603534E-04 2.845178E+03 2.883945E+02 1.040431E+01 
1.647392E-04 2.919635E+03 2.959462E+02 1.067700E+01 
1.692449E-04 2.996028E+03 3.036948E+02 1.095682E+01 
1.738739E-04 3.074409E+03 3.116451E+02 1.124395E+01 
1.786295E-04 3.154826E+03 3.198026E+02 1.153859E+01 
1.835151E-04 3.237333E+03 3.281724E+02 1.184092E+01 
1.885344E-04 3.321982E+03 3.367600E+02 1.215114E+01 
1.936910E-04 3.408827E+03 3.455710E+02 1.246946E+01 
1.989886E-04 3.497925E+03 3.546110E+02 1.279609E+01 
2.044311E-04 3.589332E+03 3.638859E+02 1.313124E+01 
2.100224E-04 3.683107E+03 3.734016E+02 1.347514E+01 
2.157667E-04 3.779309E+03 3.831643E+02 1.382800E+01 
2.216681E-04 3.878000E+03 3.931802E+02 1.419005E+01 
2.277309E-04 3.979241E+03 4.034557E+02 1.456154E+01 
2.339595E-04 4.083098E+03 4.139975E+02 1.494270E+01 
2.403584E-04 4.189635E+03 4.248122E+02 1.533379E+01 
2.469324E-04 4.298919E+03 4.359066E+02 1.573506E+01 
2.536862E-04 4.411019E+03 4.472878E+02 1.614676E+01 
2.606247E-04 4.526003E+03 4.589629E+02 1.656916E+01 
2.677530E-04 4.643945E+03 4.709392E+02 1.700253E+01 
2.750763E-04 4.764916E+03 4.832244E+02 1.744716E+01 
2.825998E-04 4.888991E+03 4.958259E+02 1.790333E+01 
2.903291E-04 5.016247E+03 5.087518E+02 1.837133E+01 
2.982699E-04 5.146763E+03 5.220100E+02 1.885147E+01 
3.064278E-04 5.280616E+03 5.356087E+02 1.934404E+01 
3.148088E-04 5.417888E+03 5.495561E+02 1.984936E+01 
3.234191E-04 5.558661E+03 5.638608E+02 2.036775E+01 
3.322648E-04 5.703021E+03 5.785315E+02 2.089953E+01 
3.413525E-04 5.851053E+03 5.935770E+02 2.144505E+01 
3.506888E-04 6.002846E+03 6.090064E+02 2.200464E+01 
3.602804E-04 6.158489E+03 6.248290E+02 2.257865E+01 
3.701343E-04 6.318075E+03 6.410542E+02 2.316745E+01 
3.802578E-04 6.481697E+03 6.576916E+02 2.377139E+01 
3.906581E-04 6.649449E+03 6.747509E+02 2.439085E+01 
4.013429E-04 6.821429E+03 6.922420E+02 2.502621E+01 
4.123200E-04 6.997734E+03 7.101751E+02 2.567785E+01 
4.235972E-04 7.178465E+03 7.285603E+02 2.634617E+01 
4.351830E-04 7.363725E+03 7.474083E+02 2.703158E+01 
4.470855E-04 7.553619E+03 7.667297E+02 2.773448E+01 
4.593137E-04 7.748253E+03 7.865355E+02 2.845530E+01 
4.718763E-04 7.947734E+03 8.068367E+02 2.919448E+01 
4.847824E-04 8.152173E+03 8.276444E+02 2.995243E+01 
4.980416E-04 8.361680E+03 8.489700E+02 3.072960E+01 
5.116634E-04 8.576368E+03 8.708248E+02 3.152645E+01 
5.256578E-04 8.796353E+03 8.932206E+02 3.234342E+01 
5.400350E-04 9.021751E+03 9.161692E+02 3.318099E+01 
5.548053E-04 9.252682E+03 9.396828E+02 3.403962E+01 
5.699797E-04 9.489266E+03 9.637735E+02 3.491982E+01 
5.855691E-04 9.731626E+03 9.884539E+02 3.582205E+01 
6.015848E-04 9.979885E+03 1.013736E+03 3.674683E+01 
6.180386E-04 1.023417E+04 1.039633E+03 3.769464E+01 
6.349425E-04 1.049460E+04 1.066157E+03 3.866599E+01 
6.523086E-04 1.076131E+04 1.093321E+03 3.966138E+01 
6.701498E-04 1.103442E+04 1.121139E+03 4.068134E+01 
6.884789E-04 1.131408E+04 1.149622E+03 4.172639E+01 
7.073093E-04 1.160040E+04 1.178786E+03 4.279707E+01 
7.266548E-04 1.189353E+04 1.208642E+03 4.389391E+01 
7.465293E-04 1.219360E+04 1.239204E+03 4.501746E+01 
7.669475E-04 1.250074E+04 1.270487E+03 4.616824E+01 
7.879241E-04 1.281509E+04 1.302503E+03 4.734678E+01 
8.094744E-04 1.313678E+04 1.335265E+03 4.855361E+01 
8.316142E-04 1.346594E+04 1.368788E+03 4.978928E+01 
8.543594E-04 1.380271E+04 1.403085E+03 5.105433E+01 
8.777268E-04 1.414723E+04 1.438170E+03 5.234929E+01 
9.017333E-04 1.449963E+04 1.474056E+03 5.367472E+01 
9.263964E-04 1.486006E+04 1.510758E+03 5.503116E+01 
9.517341E-04 1.522864E+04 1.548289E+03 5.641915E+01 
9.777647E-04 1.560552E+04 1.586663E+03 5.783919E+01 
1.004507E-03 1.599082E+04 1.625893E+03 5.929182E+01 
1.031981E-03 1.638469E+04 1.665994E+03 6.077754E+01 
1.060207E-03 1.678725E+04 1.706979E+03 6.229688E+01 
1.089204E-03 1.719864E+04 1.748861E+03 6.385033E+01 
1.118995E-03 1.761899E+04 1.791654E+03 6.543839E+01 
1.149600E-03 1.804843E+04 1.835371E+03 6.706158E+01 
1.181043E-03 1.848709E+04 1.880026E+03 6.872036E+01 
1.213345E-03 1.893510E+04 1.925631E+03 7.041516E+01 
1.246531E-03 1.939255E+04 1.972197E+03 7.214640E+01 
1.280625E-03 1.985958E+04 2.019736E+03 7.391447E+01 
1.315651E-03 2.033628E+04 2.068259E+03 7.571976E+01 
1.351635E-03 2.082277E+04 2.117777E+03 7.756265E+01 
1.388603E-03 2.131914E+04 2.168301E+03 7.944347E+01 
1.426582E-03 2.182551E+04 2.219842E+03 8.136256E+01 
1.465601E-03 2.234195E+04 2.272408E+03 8.332022E+01 
1.505686E-03 2.286856E+04 2.326008E+03 8.531672E+01 
1.546868E-03 2.340542E+04 2.380650E+03 8.735229E+01 
1.589176E-03 2.395258E+04 2.436341E+03 8.942713E+01 
1.632641E-03 2.451011E+04 2.493087E+03 9.154140E+01 
1.677295E-03 2.507807E+04 2.550893E+03 9.369524E+01 
1.723170E-03 2.565650E+04 2.609765E+03 9.588876E+01 
1.770300E-03 2.624545E+04 2.669706E+03 9.812203E+01 
1.818719E-03 2.684494E+04 2.730720E+03 1.003951E+02 
1.868462E-03 2.745501E+04 2.792809E+03 1.027079E+02 
1.919566E-03 2.807565E+04 2.855973E+03 1.050605E+02 
1.972068E-03 2.870684E+04 2.920210E+03 1.074527E+02 
2.026006E-03 2.934858E+04 2.985520E+03 1.098844E+02 
2.081418E-03 3.000082E+04 3.051898E+03 1.123555E+02 
2.138347E-03 3.066352E+04 3.119340E+03 1.148656E+02 
2.196832E-03 3.133664E+04 3.187841E+03 1.174147E+02 
2.256917E-03 3.202009E+04 3.257393E+03 1.200022E+02 
2.318646E-03 3.271379E+04 3.327989E+03 1.226279E+02 
2.382062E-03 3.341764E+04 3.399616E+03 1.252913E+02 
2.447214E-03 3.413150E+04 3.472262E+03 1.279919E+02 
2.514147E-03 3.485521E+04 3.545910E+03 1.307291E+02 
2.582911E-03 3.558861E+04 3.620543E+03 1.335024E+02 
2.653555E-03 3.633151E+04 3.696142E+03 1.363111E+02 
2.726132E-03 3.708370E+04 3.772686E+03 1.391543E+02 
2.800694E-03 3.784496E+04 3.850152E+03 1.420314E+02 
2.877295E-03 3.861505E+04 3.928516E+03 1.449415E+02 
2.955991E-03 3.939369E+04 4.007750E+03 1.478835E+02 
3.036840E-03 4.018055E+04 4.087820E+03 1.508563E+02 
3.119900E-03 4.097530E+04 4.168693E+03 1.538586E+02 
3.205231E-03 4.177756E+04 4.250331E+03 1.568889E+02 
3.292897E-03 4.258693E+04 4.332693E+03 1.599459E+02 
3.382960E-03 4.340298E+04 4.415737E+03 1.630280E+02 
3.475487E-03 4.422527E+04 4.499418E+03 1.661335E+02 
3.570544E-03 4.505333E+04 4.583688E+03 1.692608E+02 
3.668201E-03 4.588665E+04 4.668497E+03 1.724078E+02 
3.768529E-03 4.672468E+04 4.753788E+03 1.755726E+02 
3.871601E-03 4.756682E+04 4.839499E+03 1.787528E+02 
3.977493E-03 4.841243E+04 4.925566E+03 1.819461E+02 
4.086280E-03 4.926086E+04 5.011919E+03 1.851498E+02 
4.198043E-03 5.011141E+04 5.098489E+03 1.883613E+02 
4.312863E-03 5.096336E+04 5.185200E+03 1.915779E+02 
4.430823E-03 5.181596E+04 5.271975E+03 1.947967E+02 
4.552009E-03 5.266844E+04 5.358735E+03 1.980146E+02 
4.676510E-03 5.351995E+04 5.445392E+03 2.012284E+02 
4.804416E-03 5.436955E+04 5.531851E+03 2.044347E+02 
4.935821E-03 5.521626E+04 5.618012E+03 2.076298E+02 
5.070819E-03 5.605903E+04 5.703771E+03 2.108096E+02 
5.209510E-03 5.689680E+04 5.789021E+03 2.139704E+02 
5.351994E-03 5.772849E+04 5.873650E+03 2.171080E+02 
5.498375E-03 5.855296E+04 5.957546E+03 2.202182E+02 
5.648760E-03 5.936905E+04 6.040590E+03 2.232967E+02 
5.803258E-03 6.017558E+04 6.122663E+03 2.263390E+02 
5.961982E-03 6.097123E+04 6.203632E+03 2.293402E+02 
6.125046E-03 6.175457E+04 6.283351E+03 2.322951E+02 
6.292571E-03 6.252415E+04 6.361671E+03 2.351980E+02 
6.464678E-03 6.327849E+04 6.438442E+03 2.380434E+02 
6.641492E-03 6.401605E+04 6.513507E+03 2.408256E+02 
6.823141E-03 6.473532E+04 6.586711E+03 2.435389E+02 
7.009760E-03 6.543473E+04 6.657894E+03 2.461773E+02 
7.201482E-03 6.611271E+04 6.726896E+03 2.487350E+02 
7.398448E-03 6.676761E+04 6.793549E+03 2.512058E+02 
7.600801E-03 6.739762E+04 6.857668E+03 2.535827E+02 
7.808689E-03 6.800083E+04 6.919058E+03 2.558587E+02 
8.022263E-03 6.857536E+04 6.977527E+03 2.580266E+02 
8.241678E-03 6.911930E+04 7.032882E+03 2.600791E+02 
8.467094E-03 6.963076E+04 7.084928E+03 2.620092E+02 
8.698675E-03 7.010785E+04 7.133475E+03 2.638096E+02 
8.936591E-03 7.054873E+04 7.178332E+03 2.654734E+02 
9.181013E-03 7.095155E+04 7.219312E+03 2.669935E+02 
9.432121E-03 7.131429E+04 7.256211E+03 2.683625E+02 
9.690097E-03 7.163481E+04 7.288809E+03 2.695722E+02 
9.955129E-03 7.191096E+04 7.316890E+03 2.706147E+02 
1.022741E-02 7.214067E+04 7.340245E+03 2.714821E+02 
1.050714E-02 7.232195E+04 7.358670E+03 2.721671E+02 
1.079451E-02 7.245285E+04 7.371969E+03 2.726623E+02 
1.108975E-02 7.253156E+04 7.379958E+03 2.729610E+02 
1.139307E-02 7.255634E+04 7.382461E+03 2.730567E+02 
1.170468E-02 7.252554E+04 7.379312E+03 2.729432E+02 
1.202481E-02 7.243750E+04 7.370340E+03 2.726143E+02 
1.235370E-02 7.229064E+04 7.355386E+03 2.720640E+02 
1.269158E-02 7.208356E+04 7.334305E+03 2.712871E+02 
1.303870E-02 7.181500E+04 7.306971E+03 2.702787E+02 
1.339532E-02 7.148390E+04 7.273273E+03 2.690348E+02 
1.376169E-02 7.108938E+04 7.233124E+03 2.675523E+02 
1.413809E-02 7.063078E+04 7.186455E+03 2.658284E+02 
1.452477E-02 7.010765E+04 7.133219E+03 2.638616E+02 
1.492204E-02 6.952003E+04 7.073422E+03 2.616520E+02 
1.533017E-02 6.886851E+04 7.007124E+03 2.592018E+02 
1.574946E-02 6.815393E+04 6.934409E+03 2.565141E+02 
1.618022E-02 6.737731E+04 6.855383E+03 2.535929E+02 
1.662276E-02 6.653992E+04 6.770174E+03 2.504427E+02 
1.707740E-02 6.564322E+04 6.678931E+03 2.470693E+02 
1.754449E-02 6.468889E+04 6.581825E+03 2.434787E+02 
1.802434E-02 6.367881E+04 6.479047E+03 2.396782E+02 
1.851732E-02 6.261541E+04 6.370846E+03 2.356769E+02 
1.902378E-02 6.150327E+04 6.257687E+03 2.314920E+02 
1.954410E-02 6.034764E+04 6.140103E+03 2.271433E+02 
2.007864E-02 5.915371E+04 6.018623E+03 2.226503E+02 
2.062781E-02 5.792655E+04 5.893763E+03 2.180322E+02 
2.119200E-02 5.667113E+04 5.766027E+03 2.133076E+02 
2.177161E-02 5.539224E+04 5.635905E+03 2.084946E+02 
2.236708E-02 5.409453E+04 5.503868E+03 2.036107E+02 
2.297884E-02 5.278250E+04 5.370375E+03 1.986728E+02 
2.360733E-02 5.146245E+04 5.236065E+03 1.937047E+02 
2.425301E-02 5.014295E+04 5.101813E+03 1.887387E+02 
2.491635E-02 4.883206E+04 4.968436E+03 1.838050E+02 
2.559783E-02 4.753711E+04 4.836682E+03 1.789312E+02 
2.629795E-02 4.626472E+04 4.707222E+03 1.741423E+02 
2.701722E-02 4.502079E+04 4.580660E+03 1.694605E+02 
2.775616E-02 4.381062E+04 4.457531E+03 1.649057E+02 
2.851531E-02 4.263884E+04 4.338310E+03 1.604954E+02 
2.929523E-02 4.150971E+04 4.223428E+03 1.562456E+02 
3.009647E-02 4.042718E+04 4.113290E+03 1.521713E+02 
3.091964E-02 3.939470E+04 4.008247E+03 1.482854E+02 
3.176531E-02 3.841528E+04 3.908607E+03 1.445993E+02 
3.263412E-02 3.749155E+04 3.814637E+03 1.411230E+02 
3.352669E-02 3.662542E+04 3.726533E+03 1.378636E+02 
3.444367E-02 3.581534E+04 3.644134E+03 1.348153E+02 
3.538573E-02 3.505824E+04 3.567118E+03 1.319661E+02 
3.635355E-02 3.435127E+04 3.495189E+03 1.293051E+02 
3.734785E-02 3.369039E+04 3.427935E+03 1.268170E+02 
3.836934E-02 3.306835E+04 3.364624E+03 1.244747E+02 
3.941878E-02 3.247782E+04 3.304519E+03 1.222511E+02 
4.049691E-02 3.191004E+04 3.246736E+03 1.201134E+02 
4.160453E-02 3.135449E+04 3.190213E+03 1.180223E+02 
4.274245E-02 3.080055E+04 3.133871E+03 1.159379E+02 
4.391149E-02 3.023659E+04 3.076514E+03 1.138160E+02 
4.511250E-02 2.965122E+04 3.016977E+03 1.116134E+02 
4.634636E-02 2.903310E+04 2.954121E+03 1.092880E+02 
4.761397E-02 2.837245E+04 2.886920E+03 1.068020E+02 
4.891625E-02 2.766162E+04 2.814513E+03 1.041233E+02 
5.025414E-02 2.689364E+04 2.736302E+03 1.012299E+02 
5.162863E-02 2.606411E+04 2.651981E+03 9.811053E+01 
5.304072E-02 2.517572E+04 2.561620E+03 9.476772E+01 
5.449142E-02 2.423327E+04 2.465686E+03 9.121872E+01 
5.598180E-02 2.324386E+04 2.365042E+03 8.749549E+01 
5.751295E-02 2.222096E+04 2.260965E+03 8.364525E+01 
5.908597E-02 2.118048E+04 2.155062E+03 7.972743E+01 
6.070202E-02 2.013999E+04 2.049181E+03 7.581043E+01 
6.236226E-02 1.911905E+04 1.945321E+03 7.196819E+01 
6.406792E-02 1.813807E+04 1.845495E+03 6.827517E+01 
6.582023E-02 1.721510E+04 1.751574E+03 6.480059E+01 
6.762046E-02 1.636543E+04 1.665161E+03 6.160372E+01 
6.946993E-02 1.560189E+04 1.587469E+03 5.872950E+01 
7.136999E-02 1.493134E+04 1.519218E+03 5.620450E+01 
7.332201E-02 1.435474E+04 1.460552E+03 5.403409E+01 
7.532743E-02 1.386781E+04 1.411019E+03 5.220153E+01 
7.738769E-02 1.346062E+04 1.369564E+03 5.066780E+01 
7.950430E-02 1.311623E+04 1.334542E+03 4.937209E+01 
8.167880E-02 1.281391E+04 1.303801E+03 4.823475E+01 
8.391278E-02 1.252951E+04 1.274852E+03 4.716367E+01 
8.620786E-02 1.223719E+04 1.245087E+03 4.606245E+01 
8.856571E-02 1.191264E+04 1.212074E+03 4.484112E+01 
9.098805E-02 1.153713E+04 1.173908E+03 4.342916E+01 
9.347665E-02 1.110105E+04 1.129532E+03 4.178750E+01 
9.603330E-02 1.060430E+04 1.078962E+03 3.991665E+01 
9.865989E-02 1.005754E+04 1.023330E+03 3.785858E+01 
1.013583E-01 9.481657E+03 9.647422E+02 3.569117E+01 
1.041305E-01 8.903983E+03 9.059442E+02 3.351598E+01 
1.069786E-01 8.352804E+03 8.498624E+02 3.144127E+01 
1.099045E-01 7.853934E+03 7.991151E+02 2.956390E+01 
1.129105E-01 7.425371E+03 7.555122E+02 2.795080E+01 
1.159987E-01 7.074518E+03 7.198117E+02 2.662999E+01 
1.191714E-01 6.797043E+03 6.915828E+02 2.558558E+01 
1.224308E-01 6.576977E+03 6.691896E+02 2.475709E+01 
1.257794E-01 6.392340E+03 6.504072E+02 2.406218E+01 
1.292195E-01 6.214266E+03 6.322899E+02 2.339189E+01 
1.327538E-01 6.014415E+03 6.119470E+02 2.263928E+01 
1.363847E-01 5.774085E+03 5.874910E+02 2.173453E+01 
1.401149E-01 5.489735E+03 5.585729E+02 2.066472E+01 
1.439472E-01 5.174353E+03 5.264840E+02 1.947759E+01 
1.478842E-01 4.850696E+03 4.935451E+02 1.825901E+01 
1.519290E-01 4.543706E+03 4.623052E+02 1.710330E+01 
1.560844E-01 4.274056E+03 4.348676E+02 1.608824E+01 
1.603534E-01 4.052953E+03 4.123712E+02 1.525596E+01 
1.647392E-01 3.878459E+03 3.946224E+02 1.459931E+01 
1.692449E-01 3.735493E+03 3.800793E+02 1.406127E+01 
1.738739E-01 3.601908E+03 3.664872E+02 1.355840E+01 
1.786295E-01 3.457492E+03 3.517930E+02 1.301476E+01 
1.835151E-01 3.291350E+03 3.348882E+02 1.238937E+01 
1.885344E-01 3.105617E+03 3.159878E+02 1.169016E+01 
1.936910E-01 2.914860E+03 2.965801E+02 1.097218E+01 
1.989886E-01 2.738244E+03 2.786069E+02 1.030725E+01 
2.044311E-01 2.587603E+03 2.632794E+02 9.740198E+00 
2.100224E-01 2.463478E+03 2.506536E+02 9.273090E+00 
2.157667E-01 2.356689E+03 2.397862E+02 8.871035E+00 
2.216681E-01 2.252780E+03 2.292172E+02 8.480032E+00 
2.277309E-01 2.141268E+03 2.178665E+02 8.060102E+00 
2.339595E-01 2.021865E+03 2.057163E+02 7.610598E+00 
2.403584E-01 1.902440E+03 1.935702E+02 7.161254E+00 
2.469324E-01 1.792820E+03 1.824160E+02 6.748598E+00 
2.536862E-01 1.698240E+03 1.727919E+02 6.392549E+00 
2.606247E-01 1.614663E+03 1.642892E+02 6.077982E+00 
2.677530E-01 1.534764E+03 1.561576E+02 5.777147E+00 
2.750763E-01 1.453487E+03 1.478853E+02 5.471109E+00 
2.825998E-01 1.371060E+03 1.395022E+02 5.160974E+00 
2.903291E-01 1.292493E+03 1.315088E+02 4.865252E+00 
2.982699E-01 1.221130E+03 1.242471E+02 4.596603E+00 
3.064278E-01 1.156452E+03 1.176665E+02 4.353148E+00 
3.148088E-01 1.095325E+03 1.114472E+02 4.123059E+00 
3.234191E-01 1.034936E+03 1.053026E+02 3.895737E+00 
3.322648E-01 9.760622E+02 9.931222E+01 3.674120E+00 
3.413525E-01 9.207144E+02 9.368063E+01 3.465777E+00 
3.506888E-01 8.699749E+02 8.851810E+01 3.274785E+00 
3.602804E-01 8.220733E+02 8.364431E+01 3.094476E+00 
3.701343E-01 7.758734E+02 7.894358E+01 2.920569E+00 
3.802578E-01 7.315967E+02 7.443848E+01 2.753900E+00 
3.906581E-01 6.899491E+02 7.020091E+01 2.597128E+00 
4.013429E-01 6.510576E+02 6.624378E+01 2.450732E+00 
4.123200E-01 6.140783E+02 6.248121E+01 2.311533E+00 
4.235972E-01 5.788136E+02 5.889311E+01 2.178789E+00 
4.351830E-01 5.455474E+02 5.550842E+01 2.053570E+00 
4.470855E-01 5.141999E+02 5.231886E+01 1.935571E+00 
4.593137E-01 4.845264E+02 4.929928E+01 1.823860E+00 
4.718763E-01 4.564285E+02 4.643984E+01 1.718073E+00 
4.847824E-01 4.298864E+02 4.373887E+01 1.618148E+00 
4.980416E-01 4.048418E+02 4.119059E+01 1.523873E+00 
5.116634E-01 3.811956E+02 3.878479E+01 1.434869E+00 
5.256578E-01 3.588552E+02 3.651199E+01 1.350785E+00 
5.400350E-01 3.377515E+02 3.436505E+01 1.271358E+00 
5.548053E-01 3.178272E+02 3.233809E+01 1.196369E+00 
5.699797E-01 2.990264E+02 3.042537E+01 1.125607E+00 
5.855691E-01 2.812922E+02 2.862107E+01 1.058856E+00 
6.015848E-01 2.645671E+02 2.691937E+01 9.959007E-01 
6.180386E-01 2.487965E+02 2.531471E+01 9.365356E-01 
6.349425E-01 2.339284E+02 2.380184E+01 8.805658E-01 
6.523086E-01 2.199137E+02 2.237575E+01 8.278066E-01 
6.701498E-01 2.067056E+02 2.103172E+01 7.780833E-01 
6.884789E-01 1.942599E+02 1.976527E+01 7.312302E-01 
7.073093E-01 1.825346E+02 1.857215E+01 6.870898E-01 
7.266548E-01 1.714898E+02 1.744833E+01 6.455128E-01 
7.465293E-01 1.610880E+02 1.638996E+01 6.063578E-01 
7.669475E-01 1.512934E+02 1.539343E+01 5.694904E-01 
7.879241E-01 1.420726E+02 1.445530E+01 5.347837E-01 
8.094744E-01 1.333937E+02 1.357232E+01 5.021174E-01 
8.316142E-01 1.252264E+02 1.274141E+01 4.713771E-01 
8.543594E-01 1.175422E+02 1.195963E+01 4.424548E-01 
8.777268E-01 1.103139E+02 1.122422E+01 4.152478E-01 
9.017333E-01 1.035157E+02 1.053255E+01 3.896590E-01 
9.263964E-01 9.712329E+01 9.882132E+00 3.655965E-01 
9.517341E-01 9.111333E+01 9.270614E+00 3.429730E-01 
9.777647E-01 8.546385E+01 8.695763E+00 3.217060E-01 
1.004507E+00 8.015404E+01 8.155466E+00 3.017174E-01 
1.031981E+00 7.516422E+01 7.647728E+00 2.829333E-01 
1.060207E+00 7.047581E+01 7.170663E+00 2.652840E-01 
1.089204E+00 6.607127E+01 6.722488E+00 2.487034E-01 
1.118995E+00 6.193402E+01 6.301520E+00 2.331294E-01 
1.149600E+00 5.804841E+01 5.906166E+00 2.185030E-01 
1.181043E+00 5.439968E+01 5.534927E+00 2.047688E-01 
1.213345E+00 5.097392E+01 5.186381E+00 1.918741E-01 
1.246531E+00 4.775800E+01 4.859192E+00 1.797694E-01 
1.280625E+00 4.473954E+01 4.552095E+00 1.684082E-01 
1.315651E+00 4.190683E+01 4.263898E+00 1.577461E-01 
1.351635E+00 3.924885E+01 3.993477E+00 1.477417E-01 
1.388603E+00 3.675517E+01 3.739771E+00 1.383557E-01 
1.426582E+00 3.441599E+01 3.501781E+00 1.295511E-01 
1.465601E+00 3.222204E+01 3.278564E+00 1.212930E-01 
1.505686E+00 3.016459E+01 3.069232E+00 1.135486E-01 
1.546868E+00 2.823541E+01 2.872946E+00 1.062869E-01 
1.589176E+00 2.642674E+01 2.688919E+00 9.947876E-02 
1.632641E+00 2.473126E+01 2.516408E+00 9.309659E-02 
1.677295E+00 2.314212E+01 2.354712E+00 8.711456E-02 
1.723170E+00 2.165281E+01 2.203174E+00 8.150830E-02 
1.770300E+00 2.025726E+01 2.061172E+00 7.625487E-02 
1.818719E+00 1.894971E+01 1.928125E+00 7.133268E-02 
1.868462E+00 1.772478E+01 1.803481E+00 6.672142E-02 
1.919566E+00 1.657736E+01 1.686726E+00 6.240196E-02 
1.972068E+00 1.550268E+01 1.577372E+00 5.835631E-02 
2.026006E+00 1.449624E+01 1.474961E+00 5.456757E-02 
2.081418E+00 1.355380E+01 1.379066E+00 5.101983E-02 
2.138347E+00 1.267140E+01 1.289280E+00 4.769814E-02 
2.196832E+00 1.184530E+01 1.205225E+00 4.458845E-02 
2.256917E+00 1.107199E+01 1.126543E+00 4.167757E-02 
2.318646E+00 1.034817E+01 1.052900E+00 3.895308E-02 
2.382062E+00 9.670763E+00 9.839802E-01 3.640333E-02 
2.447214E+00 9.036860E+00 9.194874E-01 3.401738E-02 
2.514147E+00 8.443738E+00 8.591441E-01 3.178493E-02 
2.582911E+00 7.888836E+00 8.026892E-01 2.969634E-02 
2.653555E+00 7.369751E+00 7.498776E-01 2.774254E-02 
2.726132E+00 6.884225E+00 7.004796E-01 2.591503E-02 
2.800694E+00 6.430139E+00 6.542791E-01 2.420581E-02 
2.877295E+00 6.005502E+00 6.110736E-01 2.260739E-02 
2.955991E+00 5.608445E+00 5.706730E-01 2.111275E-02 
3.036840E+00 5.237212E+00 5.328989E-01 1.971527E-02 
3.119900E+00 4.890153E+00 4.975840E-01 1.840877E-02 
3.205231E+00 4.565723E+00 4.645713E-01 1.718744E-02 
3.292897E+00 4.262473E+00 4.337137E-01 1.604585E-02 
3.382960E+00 3.979045E+00 4.048732E-01 1.497887E-02 
3.475487E+00 3.714166E+00 3.779204E-01 1.398173E-02 
3.570544E+00 3.466644E+00 3.527341E-01 1.304995E-02 
3.668201E+00 3.235362E+00 3.292007E-01 1.217931E-02 
3.768529E+00 3.019274E+00 3.072137E-01 1.136588E-02 
3.871601E+00 2.817399E+00 2.866733E-01 1.060597E-02 
3.977493E+00 2.628820E+00 2.674860E-01 9.896123E-03 
4.086280E+00 2.452678E+00 2.495643E-01 9.233093E-03 
4.198043E+00 2.288166E+00 2.328261E-01 8.613848E-03 
4.312863E+00 2.134531E+00 2.171946E-01 8.035547E-03 
4.430823E+00 1.991065E+00 2.025979E-01 7.495528E-03 
4.552009E+00 1.857108E+00 1.889687E-01 6.991300E-03 
4.676510E+00 1.732040E+00 1.762438E-01 6.520529E-03 
4.804416E+00 1.615280E+00 1.643642E-01 6.081032E-03 
4.935821E+00 1.506287E+00 1.532747E-01 5.670765E-03 
5.070819E+00 1.404552E+00 1.429236E-01 5.287813E-03 
5.209510E+00 1.309600E+00 1.332624E-01 4.930388E-03 
5.351994E+00 1.220985E+00 1.242459E-01 4.596813E-03 
5.498375E+00 1.138292E+00 1.158318E-01 4.285521E-03 
5.648760E+00 1.061131E+00 1.079803E-01 3.995047E-03 
5.803258E+00 9.891375E-01 1.006544E-01 3.724019E-03 
5.961982E+00 9.219703E-01 9.381952E-02 3.471154E-03 
6.125046E+00 8.593099E-01 8.744311E-02 3.235251E-03 
6.292571E+00 8.008577E-01 8.149488E-02 3.015189E-03 
6.464678E+00 7.463347E-01 7.594647E-02 2.809919E-03 
6.641492E+00 6.954799E-01 7.077138E-02 2.618460E-03 
6.823141E+00 6.480497E-01 6.594484E-02 2.439895E-03 
7.009760E+00 6.038162E-01 6.144368E-02 2.273367E-03 
7.201482E+00 5.625668E-01 5.724625E-02 2.118077E-03 
7.398448E+00 5.241026E-01 5.333234E-02 1.973274E-03 
7.600801E+00 4.882381E-01 4.968305E-02 1.838262E-03 
7.808689E+00 4.548001E-01 4.628071E-02 1.712385E-03 
8.022263E+00 4.236267E-01 4.310882E-02 1.595034E-03 
8.241678E+00 3.945665E-01 4.015199E-02 1.485640E-03 
8.467094E+00 3.674782E-01 3.739580E-02 1.383668E-03 
8.698675E+00 3.422298E-01 3.482681E-02 1.288623E-03 
8.936591E+00 3.186979E-01 3.243247E-02 1.200039E-03 
9.181013E+00 2.967673E-01 3.020105E-02 1.117483E-03 
9.432121E+00 2.763304E-01 2.812159E-02 1.040548E-03 
9.690097E+00 2.572865E-01 2.618385E-02 9.688575E-04 
9.955129E+00 2.395418E-01 2.437830E-02 9.020570E-04 
1.022741E+01 2.230086E-01 2.269601E-02 8.398168E-04 
1.050714E+01 2.076051E-01 2.112867E-02 7.818292E-04 
1.079451E+01 1.932550E-01 1.966850E-02 7.278067E-04 
1.108975E+01 1.798869E-01 1.830826E-02 6.774811E-04 
1.139307E+01 1.674345E-01 1.704119E-02 6.306022E-04 
1.170468E+01 1.558356E-01 1.586097E-02 5.869365E-04 
1.202481E+01 1.450324E-01 1.476171E-02 5.462661E-04 
1.235370E+01 1.349710E-01 1.373792E-02 5.083877E-04 
1.269158E+01 1.256010E-01 1.278447E-02 4.731118E-04 
1.303870E+01 1.168753E-01 1.189659E-02 4.402615E-04 
1.339532E+01 1.087501E-01 1.106980E-02 4.096716E-04 
1.376169E+01 1.011846E-01 1.029996E-02 3.811884E-04 
1.413809E+01 9.414061E-02 9.583177E-03 3.546681E-04 
1.452477E+01 8.758254E-02 8.915833E-03 3.299769E-04 
1.492204E+01 8.147722E-02 8.294553E-03 3.069899E-04 
1.533017E+01 7.579368E-02 7.716186E-03 2.855905E-04 
1.574946E+01 7.050303E-02 7.177796E-03 2.656702E-04 
1.618022E+01 6.557836E-02 6.676646E-03 2.471276E-04 
1.662276E+01 6.099460E-02 6.210183E-03 2.298683E-04 
1.707740E+01 5.672834E-02 5.776029E-03 2.138043E-04 
1.754449E+01 5.275781E-02 5.371966E-03 1.988536E-04 
1.802434E+01 4.906268E-02 4.995928E-03 1.849397E-04 
1.851732E+01 4.562402E-02 4.645989E-03 1.719914E-04 
1.902378E+01 4.242422E-02 4.320353E-03 1.599422E-04 
1.954410E+01 3.944682E-02 4.017348E-03 1.487304E-04 
2.007864E+01 3.667651E-02 3.735416E-03 1.382981E-04 
2.062781E+01 3.409903E-02 3.473103E-03 1.285917E-04 
2.119200E+01 3.170108E-02 3.229057E-03 1.195612E-04 
2.177161E+01 2.947028E-02 3.002017E-03 1.111598E-04 
2.236708E+01 2.739507E-02 2.790808E-03 1.033441E-04 
2.297884E+01 2.546471E-02 2.594336E-03 9.607370E-05 
2.360733E+01 2.366918E-02 2.411582E-03 8.931079E-05 
2.425301E+01 2.199912E-02 2.241595E-03 8.302026E-05 
2.491635E+01 2.044586E-02 2.083491E-03 7.716938E-05 
2.559783E+01 1.900127E-02 1.936446E-03 7.172767E-05 
2.629795E+01 1.765782E-02 1.799693E-03 6.666673E-05 
2.701722E+01 1.640849E-02 1.672518E-03 6.196015E-05 
2.775616E+01 1.524674E-02 1.554254E-03 5.758330E-05 
2.851531E+01 1.416648E-02 1.444283E-03 5.351327E-05 
2.929523E+01 1.316204E-02 1.342029E-03 4.972872E-05 
3.009647E+01 1.222815E-02 1.246953E-03 4.620978E-05 
3.091964E+01 1.135988E-02 1.158556E-03 4.293795E-05 
3.176531E+01 1.055267E-02 1.076372E-03 3.989601E-05 
3.263412E+01 9.802256E-03 9.999679E-04 3.706793E-05 
3.352669E+01 9.104678E-03 9.289407E-04 3.443879E-05 
3.444367E+01 8.456247E-03 8.629149E-04 3.199471E-05 
3.538573E+01 7.853530E-03 8.015411E-04 2.972275E-05 
3.635355E+01 7.293334E-03 7.444941E-04 2.761088E-05 
3.734785E+01 6.772683E-03 6.914714E-04 2.564792E-05 
3.836934E+01 6.288808E-03 6.421910E-04 2.382343E-05 
3.941878E+01 5.839131E-03 5.963908E-04 2.212772E-05 
4.049691E+01 5.421254E-03 5.538269E-04 2.055175E-05 
4.160453E+01 5.032946E-03 5.142722E-04 1.908714E-05 
4.274245E+01 4.672134E-03 4.775157E-04 1.772607E-05 
4.391149E+01 4.336887E-03 4.433610E-04 1.646127E-05 
4.511250E+01 4.025410E-03 4.116253E-04 1.528599E-05 
4.634636E+01 3.736033E-03 3.821388E-04 1.419394E-05 
4.761397E+01 3.467200E-03 3.547432E-04 1.317926E-05 
4.891625E+01 3.217462E-03 3.292913E-04 1.223651E-05 
5.025414E+01 2.985474E-03 3.056462E-04 1.136062E-05 
5.162863E+01 2.769983E-03 2.836806E-04 1.054689E-05 
5.304072E+01 2.569827E-03 2.632762E-04 9.790944E-06 
5.449142E+01 2.383925E-03 2.443229E-04 9.088697E-06 
5.598180E+01 2.211269E-03 2.267184E-04 8.436369E-06 
5.751295E+01 2.050927E-03 2.103675E-04 7.830437E-06 
5.908597E+01 1.902028E-03 1.951817E-04 7.267626E-06 
6.070202E+01 1.763764E-03 1.810786E-04 6.744887E-06 
6.236226E+01 1.635383E-03 1.679816E-04 6.259387E-06 
6.406792E+01 1.516187E-03 1.558195E-04 5.808491E-06 
6.582023E+01 1.405526E-03 1.445262E-04 5.389750E-06 
6.762046E+01 1.302795E-03 1.340401E-04 5.000888E-06 
6.946993E+01 1.207434E-03 1.243042E-04 4.639790E-06 
7.136999E+01 1.118921E-03 1.152651E-04 4.304489E-06 
7.332201E+01 1.036771E-03 1.068736E-04 3.993157E-06 
7.532743E+01 9.605308E-04 9.908369E-05 3.704093E-06 
7.738769E+01 8.897789E-04 9.185256E-05 3.435715E-06 
7.950430E+01 8.241240E-04 8.514049E-05 3.186554E-06 
8.167880E+01 7.632028E-04 7.891057E-05 2.955244E-06 
8.391278E+01 7.066782E-04 7.312852E-05 2.740518E-06 
8.620786E+01 6.542369E-04 6.776248E-05 2.541196E-06 
8.856571E+01 6.055879E-04 6.278285E-05 2.356182E-06 
9.098805E+01 5.604613E-04 5.816216E-05 2.184460E-06 
9.347665E+01 5.186058E-04 5.387482E-05 2.025082E-06 
9.603330E+01 4.797876E-04 4.989701E-05 1.877168E-06 
9.865989E+01 4.437896E-04 4.620663E-05 1.739900E-06 
